2025-05-06T16:31:19.986643,-0.3897320330142975,-0.23090706765651703,0.779464066028595
2025-05-06T16:31:20.008507,0.02076941914856434,0.3384193480014801,-0.12828169763088226
2025-05-06T16:31:20.168941,-0.10873401165008545,0.039095375686883926,-0.04764748737215996
2025-05-06T16:31:20.330426,-0.012217304669320583,-0.04153883829712868,0.03298672288656235
2025-05-06T16:31:20.490793,0.0354301854968071,0.00855211354792118,-0.015882495790719986
2025-05-06T16:31:20.652118,0.015882495790719986,0.009773843921720982,0.01466076634824276
2025-05-06T16:31:20.813212,0.01710422709584236,0.019547687843441963,0.00855211354792118
2025-05-06T16:31:20.974299,-0.08674286305904388,0.019547687843441963,-0.00855211354792118
2025-05-06T16:31:21.133134,-0.3078760802745819,0.6377432942390442,-0.27611109614372253
2025-05-06T16:31:21.291844,-0.5229006409645081,0.3384193480014801,-0.4031710624694824
2025-05-06T16:31:21.449200,-0.1966986060142517,0.4862487316131592,-0.6682865619659424
2025-05-06T16:31:21.609419,0.10506882518529892,0.38606682419776917,-0.28955012559890747
2025-05-06T16:31:21.771610,-0.1014036312699318,0.10751228034496307,-0.04153883829712868
2025-05-06T16:31:21.930452,-0.04153883829712868,0.2871066629886627,-0.22602014243602753
2025-05-06T16:31:22.090764,-0.21380282938480377,1.2889256477355957,-0.9431759119033813
2025-05-06T16:31:22.249132,0.07452555745840073,1.1044443845748901,-1.1838568449020386
2025-05-06T16:31:22.407493,-0.4092797040939331,-1.4282029867172241,-0.07452555745840073
2025-05-06T16:31:22.568005,-1.4880677461624146,-2.1478021144866943,0.5729916095733643
2025-05-06T16:31:22.722782,-2.1319196224212646,-0.49846604466438293,0.4080579876899719
2025-05-06T16:31:22.887381,-0.33597588539123535,0.0659734457731247,0.2773328125476837
2025-05-06T16:31:23.083990,-0.7073819637298584,0.3628539443016052,0.7757988572120667
2025-05-06T16:31:23.199674,-0.10506882518529892,0.3579670190811157,0.27122417092323303
2025-05-06T16:31:23.360122,-0.5558874011039734,-0.00366519158706069,-0.8100073337554932
2025-05-06T16:31:23.520418,-0.21991148591041565,0.1160643994808197,-1.056796908378601
2025-05-06T16:32:23.158592,-0.04398229718208313,0.02687807008624077,0.08185594528913498
2025-05-06T16:32:23.479373,-0.43127086758613586,0.5314527750015259,0.24678955972194672
2025-05-06T16:32:23.479771,0.7550294399261475,0.2565633952617645,0.2932153046131134
2025-05-06T16:32:23.619277,0.8136724829673767,-0.07819075137376785,0.2871066629886627
2025-05-06T16:32:23.780049,0.46792277693748474,-0.1966986060142517,-0.3689626157283783
2025-05-06T16:32:23.938804,0.0806342139840126,0.3543018400669098,0.012217304669320583
2025-05-06T16:32:24.100300,-0.12950342893600464,0.12095131725072861,0.4080579876899719
2025-05-06T16:32:24.265558,-0.013439035043120384,0.3897320330142975,0.6426302194595337
2025-05-06T16:32:24.426552,0.26022860407829285,0.6389650702476501,1.0458012819290161
2025-05-06T16:32:24.585966,-0.045204028487205505,0.3628539443016052,1.1985175609588623
2025-05-06T16:32:24.744050,0.02687807008624077,0.19058994948863983,0.4948008358478546
2025-05-06T16:32:24.897978,-0.1014036312699318,-0.036651913076639175,0.3677408695220947
2025-05-06T16:32:25.058162,-0.49357911944389343,0.06963863968849182,-0.1869247704744339
2025-05-06T16:32:25.218543,-0.14538592100143433,-0.14049901068210602,0.10751228034496307
2025-05-06T16:32:25.378379,0.23335053026676178,-0.06719517707824707,0.27611109614372253
2025-05-06T16:32:25.537613,-0.5766568183898926,0.0757472887635231,0.15515977144241333
2025-05-06T16:32:25.699276,-0.15760323405265808,0.02076941914856434,0.5546656250953674
2025-05-06T16:32:25.860664,0.042760565876960754,-0.004886921960860491,0.13927727937698364
2025-05-06T16:32:26.023087,-0.44593164324760437,-0.20891591906547546,-0.6035348773002625
2025-05-06T16:32:26.185688,-0.2064724564552307,0.11239920556545258,-0.5400048494338989
2025-05-06T16:32:26.345809,-0.07941248267889023,-0.02321287989616394,-0.06963863968849182
2025-05-06T16:32:26.497348,-0.06352998316287994,-0.07819075137376785,0.036651913076639175
2025-05-06T16:32:26.659717,0.13927727937698364,0.33475416898727417,0.31031954288482666
2025-05-06T16:32:26.819211,0.20891591906547546,-0.03176499158143997,0.39217549562454224
2025-05-06T16:32:26.978069,0.22846360504627228,0.05742133408784866,0.2883284091949463
2025-05-06T16:32:27.137861,0.5070181488990784,0.010995574295520782,-0.2382374405860901
2025-05-06T16:32:27.298852,-0.21135938167572021,-0.19425514340400696,-0.42638394236564636
2025-05-06T16:32:27.461494,-0.6230825781822205,-0.05009094998240471,-0.5241223573684692
2025-05-06T16:32:27.618484,0.13927727937698364,-0.1722639948129654,0.0403171069920063
2025-05-06T16:32:27.778721,0.19058994948863983,0.009773843921720982,0.12461651116609573
2025-05-06T16:32:27.939498,0.49846604466438293,0.09285151958465576,-0.05375614017248154
2025-05-06T16:32:28.099602,0.03787364438176155,-0.1270599663257599,0.1062905490398407
2025-05-06T16:32:28.258980,-0.8356636762619019,-0.03787364438176155,-0.2125810980796814
2025-05-06T16:32:28.422028,-0.4593706727027893,-0.5962044596672058,-0.5241223573684692
2025-05-06T16:32:28.581843,-0.37629300355911255,-0.3701843321323395,-0.720820963382721
2025-05-06T16:32:28.747111,-0.29565876722335815,-0.08552113175392151,-0.5277875661849976
2025-05-06T16:32:28.908651,-0.9859365224838257,-0.17592918872833252,0.36163222789764404
2025-05-06T16:32:29.067923,-0.42149701714515686,-0.2382374405860901,1.1582005023956299
2025-05-06T16:32:29.225538,0.16859880089759827,-0.6328563690185547,1.966986060142517
2025-05-06T16:32:29.386609,0.3139847218990326,0.21135938167572021,1.986533761024475
2025-05-06T16:32:29.547324,1.0971139669418335,-0.13805554807186127,1.3573426008224487
2025-05-06T16:32:29.709849,-0.42760565876960754,-0.21991148591041565,1.2290608882904053
2025-05-06T16:32:29.868698,0.30543261766433716,0.1417207419872284,0.779464066028595
2025-05-06T16:32:30.025940,-0.1258382350206375,-0.07208210229873657,0.6108652353286743
2025-05-06T16:32:30.186904,-0.6536257863044739,0.04764748737215996,0.11972958594560623
2025-05-06T16:32:30.347087,0.15882496535778046,-0.12950342893600464,0.10506882518529892
2025-05-06T16:32:30.503319,0.2174680233001709,-0.0757472887635231,0.37751471996307373
2025-05-06T16:32:30.666212,-0.1869247704744339,-0.2687807083129883,0.4300491213798523
2025-05-06T16:32:30.822604,-0.44104471802711487,-0.2541199326515198,-0.1466076523065567
2025-05-06T16:32:30.985524,0.021991148591041565,0.384845107793808,-0.4593706727027893
2025-05-06T16:32:31.138871,0.7183775305747986,0.7073819637298584,-0.7318165898323059
2025-05-06T16:32:31.307096,-0.5595525503158569,0.6145304441452026,-1.4343116283416748
2025-05-06T16:32:31.466920,-0.43615779280662537,0.37629300355911255,-2.394591808319092
2025-05-06T16:32:31.626154,-0.9150761365890503,0.5192354321479797,-1.966986060142517
2025-05-06T16:32:31.787636,-1.236391305923462,1.4941763877868652,-2.609616279602051
2025-05-06T16:32:31.944752,-0.7525860071182251,1.274264931678772,-2.326174736022949
2025-05-06T16:32:32.106617,-0.5998696684837341,0.8258898258209229,-1.9547687768936157
2025-05-06T16:32:32.265265,0.7367035150527954,0.8283332586288452,-1.6688838005065918
2025-05-06T16:32:32.425977,0.7342600226402283,0.5729916095733643,-1.1410962343215942
2025-05-06T16:32:32.584149,1.1337659358978271,0.5876523852348328,0.07330382615327835
2025-05-06T16:32:32.746795,-0.5754350423812866,1.037249207496643,-0.8906415104866028
2025-05-06T16:32:32.906015,-0.7843509912490845,-0.19425514340400696,-1.0616837739944458
2025-05-06T16:32:33.063439,-1.2620476484298706,-0.9712757468223572,-0.3176499307155609
2025-05-06T16:32:33.225273,-0.013439035043120384,-0.21991148591041565,0.04886921867728233
2025-05-06T16:32:33.384108,0.12828169763088226,-0.2064724564552307,0.7586946487426758
2025-05-06T16:32:33.544863,-0.0354301854968071,0.11972958594560623,0.769690215587616
2025-05-06T16:32:33.707329,0.21135938167572021,-0.06475171446800232,1.1191051006317139
2025-05-06T16:32:33.864627,-0.018325956538319588,-0.35063666105270386,1.186300277709961
2025-05-06T16:32:34.023083,0.17837265133857727,0.05009094998240471,-0.5204572081565857
2025-05-06T16:32:34.183801,-1.0152580738067627,0.3604104816913605,0.35063666105270386
2025-05-06T16:32:34.344614,-0.2626720666885376,-0.1417207419872284,-1.0897835493087769
2025-05-06T16:32:34.504507,0.807563841342926,-0.36651915311813354,0.39095374941825867
2025-05-06T16:32:34.639358,0.7122688889503479,0.5363397002220154,0.2834414839744568
2025-05-06T16:32:34.805546,-1.0152580738067627,-0.4642575979232788,-1.6297885179519653
2025-05-06T16:32:34.963842,-0.04398229718208313,-1.55892813205719,-1.254717230796814
2025-05-06T16:32:35.123879,-4.073249340057373,-0.6682865619659424,-3.0274481773376465
2025-05-06T16:32:35.284391,-1.4355332851409912,0.22479841113090515,-1.0775662660598755
2025-05-06T16:32:35.442110,-1.016479730606079,-0.2125810980796814,-1.340238332748413
2025-05-06T16:32:35.603403,0.44226643443107605,-0.5204572081565857,0.09162978827953339
2025-05-06T16:32:35.764587,2.7562239170074463,-0.24434609711170197,1.9144517183303833
2025-05-06T16:32:35.925228,1.1948524713516235,0.6682865619659424,2.274862289428711
2025-05-06T16:32:36.085179,-0.35063666105270386,0.22113321721553802,0.11972958594560623
2025-05-06T16:32:36.243286,-0.0403171069920063,-0.7061602473258972,-1.0152580738067627
2025-05-06T16:32:36.405237,-1.0409144163131714,-0.5326744914054871,-2.2883012294769287
2025-05-06T16:32:36.543934,-0.8246681094169617,-0.028099801391363144,-0.7538077235221863
2025-05-06T16:32:36.706497,1.0616837739944458,0.4092797040939331,1.0690141916275024
2025-05-06T16:32:36.864140,1.7495180368423462,-0.2638937830924988,1.19607412815094
2025-05-06T16:32:37.024739,-0.08918632566928864,0.45692721009254456,1.3866641521453857
2025-05-06T16:32:37.186053,-1.3866641521453857,-0.23090706765651703,-1.5051720142364502
2025-05-06T16:32:37.345598,1.359786033630371,-0.7281513810157776,-1.06657075881958
2025-05-06T16:32:37.489137,0.19303341209888458,-0.16493362188339233,-0.8393288254737854
2025-05-06T16:32:37.647985,0.5216789245605469,-0.3640756905078888,0.21624629199504852
2025-05-06T16:32:37.802118,1.9425514936447144,-0.8576548099517822,1.7556266784667969
2025-05-06T16:32:37.970545,1.0067058801651,0.16982053220272064,2.7281241416931152
2025-05-06T16:32:38.119942,-0.3274237811565399,-0.3445279896259308,0.6548475623130798
2025-05-06T16:32:38.283472,2.4605650901794434,-2.528982162475586,-0.3701843321323395
2025-05-06T16:34:38.242639,-2.450791358947754,0.9248499870300293,-0.4899139404296875
2025-05-06T16:34:38.323460,-1.076344609260559,-3.319441795349121,-1.5638149976730347
2025-05-06T16:34:38.485441,-2.415361166000366,-2.8160886764526367,-2.5607471466064453
2025-05-06T16:34:38.643313,-1.987755537033081,-1.510058879852295,-1.6102408170700073
2025-05-06T16:34:38.804524,1.2620476484298706,1.930334210395813,1.7996090650558472
2025-05-06T16:34:38.964737,1.957212209701538,2.7965409755706787,2.926044464111328
2025-05-06T16:35:00.497197,-3.2094860076904297,-0.5412266254425049,2.9138271808624268
2025-05-06T16:35:00.662263,-2.726902484893799,-3.99505877494812,5.061629295349121
2025-05-06T16:55:00.488431,-1.330464482307434,-3.2485814094543457,3.7116172313690186
2025-05-06T16:55:00.529256,-0.0354301854968071,0.028099801391363144,0.024434609338641167
2025-05-06T16:55:00.692732,-0.0024434609804302454,0.009773843921720982,0.028099801391363144
2025-05-06T17:08:38.253359,-0.010995574295520782,0.010995574295520782,0.018325956538319588
2025-05-06T17:08:38.341575,-1.9620991945266724,1.0042624473571777,1.722640037536621
2025-05-06T17:08:38.502547,-0.7012733221054077,1.4672982692718506,1.6872098445892334
2025-05-06T17:08:38.671061,0.4434881806373596,1.1459832191467285,0.23945917189121246
2025-05-06T17:08:38.828061,0.5485569834709167,0.3933972120285034,-0.8735373020172119
2025-05-06T17:08:38.989224,-0.2626720666885376,-1.3267992734909058,-0.46303585171699524
2025-05-06T17:08:39.151070,2.9907963275909424,-0.17348572611808777,0.28588494658470154
2025-05-06T17:08:39.305168,0.8051204085350037,-0.08918632566928864,0.759916365146637
2025-05-06T17:08:39.470454,-0.3836233615875244,0.36163222789764404,0.394618958234787
2025-05-06T17:08:39.632472,-0.38240164518356323,0.37629300355911255,1.55892813205719
2025-05-06T17:08:39.791495,-0.6988298296928406,-1.4978415966033936,1.0580185651779175
2025-05-06T17:08:39.951516,0.294437050819397,-1.6847662925720215,-2.0977113246917725
2025-05-06T17:08:40.112732,-3.185051441192627,0.4715879559516907,0.08552113175392151
2025-05-06T17:08:40.270714,-0.03787364438176155,-0.07941248267889023,0.05253441259264946
2025-05-06T17:08:40.425548,0.17959438264369965,0.12217304855585098,-0.04764748737215996
2025-05-06T17:08:40.584658,-0.05009094998240471,-0.08796459436416626,-0.05619960278272629
2025-05-06T17:08:40.744797,0.0806342139840126,-0.042760565876960754,-0.0403171069920063
2025-05-06T17:08:40.910463,0.11484266817569733,-0.02687807008624077,-0.04398229718208313
2025-05-06T17:17:02.894792,-0.02076941914856434,0.025656340643763542,0.01710422709584236
2025-05-06T17:17:02.895632,-0.03298672288656235,0.018325956538319588,0.03298672288656235
2025-05-06T17:17:02.895896,-0.03176499158143997,0.025656340643763542,0.06719517707824707
2025-05-06T17:17:02.896303,0.024434609338641167,-0.010995574295520782,-0.018325956538319588
2025-05-06T17:17:02.900363,-0.009773843921720982,0.01710422709584236,0.009773843921720982
2025-05-06T17:17:02.900753,-0.40072759985923767,-0.03420845419168472,0.10751228034496307
2025-05-06T17:17:02.900999,-0.14416420459747314,-0.02687807008624077,0.05864306539297104
2025-05-06T17:17:02.901201,-0.3090978264808655,-0.18570303916931152,0.05864306539297104
2025-05-06T17:17:02.901401,-0.12828169763088226,-0.09285151958465576,0.05375614017248154
2025-05-06T17:17:02.901604,-0.17959438264369965,-0.09285151958465576,0.045204028487205505
2025-05-06T17:17:02.901793,0.04764748737215996,0.03176499158143997,0.00733038317412138
2025-05-06T17:17:02.902160,-0.16004669666290283,0.0012217304902151227,0.051312681287527084
2025-05-06T17:17:02.902372,-0.04764748737215996,0.0012217304902151227,0.00733038317412138
2025-05-06T17:17:02.902564,0.13927727937698364,-0.2076941877603531,-0.17470745742321014
2025-05-06T17:17:02.902880,-0.010995574295520782,0.009773843921720982,0.0012217304902151227
2025-05-06T17:17:02.903190,-0.02076941914856434,0.00733038317412138,0.0024434609804302454
2025-05-06T17:17:02.903382,0.03298672288656235,0.006108652334660292,-0.0024434609804302454
2025-05-06T17:17:02.903583,0.1160643994808197,-0.00366519158706069,-0.0354301854968071
2025-05-06T17:17:02.903783,0.13805554807186127,-0.004886921960860491,-0.0708603709936142
2025-05-06T17:17:02.904129,0.06841690838336945,0.0012217304902151227,-0.025656340643763542
2025-05-06T17:17:02.904386,0.02321287989616394,0.009773843921720982,-0.012217304669320583
2025-05-06T17:17:02.904633,0.04642575979232788,-0.0024434609804302454,-0.01710422709584236
2025-05-06T17:17:02.906929,0.0354301854968071,0.004886921960860491,-0.019547687843441963
2025-05-06T17:17:02.907878,0.2064724564552307,-0.11850785464048386,-0.02076941914856434
2025-05-06T17:17:02.910056,0.2919935882091522,-0.13439035415649414,0.0024434609804302454
2025-05-06T17:17:02.911618,-0.0403171069920063,-0.004886921960860491,-0.024434609338641167
2025-05-06T17:17:02.925371,-0.03176499158143997,-0.010995574295520782,-0.019547687843441963
2025-05-06T17:17:02.927021,-0.09040805697441101,-0.00855211354792118,-0.03176499158143997
2025-05-06T17:17:02.927379,-0.13805554807186127,0.02687807008624077,0.018325956538319588
2025-05-06T17:17:02.927624,-0.08552113175392151,-0.006108652334660292,0.021991148591041565
2025-05-06T17:17:02.927974,-0.14049901068210602,-0.0012217304902151227,-0.009773843921720982
2025-05-06T17:17:02.942536,0.1612684279680252,0.15515977144241333,0.02076941914856434
2025-05-06T17:17:02.943148,-0.09529497474431992,-0.013439035043120384,-0.009773843921720982
2025-05-06T17:17:02.943405,-0.06475171446800232,-0.004886921960860491,-0.0024434609804302454
2025-05-06T17:17:02.950847,-0.05619960278272629,-0.013439035043120384,-0.018325956538319588
2025-05-06T17:17:02.962126,0.13072516024112701,0.02321287989616394,-0.013439035043120384
2025-05-06T17:17:02.962490,-0.006108652334660292,0.2883284091949463,-0.21013765037059784
2025-05-06T17:17:02.976949,-0.07452555745840073,0.21502456068992615,0.019547687843441963
2025-05-06T17:17:03.063250,0.12461651116609573,0.15393804013729095,-0.10751228034496307
2025-05-06T17:17:03.190898,0.1014036312699318,0.051312681287527084,-0.039095375686883926
2025-05-06T17:17:03.349187,0.0,0.06719517707824707,-0.004886921960860491
2025-05-06T17:17:03.510942,0.00366519158706069,0.018325956538319588,-0.00733038317412138
2025-05-06T17:17:03.669755,-0.00733038317412138,-0.006108652334660292,0.004886921960860491
2025-05-06T17:17:03.831622,-0.00733038317412138,0.01710422709584236,-0.0012217304902151227
2025-05-06T17:17:03.994810,0.0012217304902151227,-0.00366519158706069,-0.0024434609804302454
2025-05-06T17:17:04.152402,-0.010995574295520782,0.015882495790719986,0.00366519158706069
2025-05-06T17:17:04.311433,-0.0024434609804302454,0.006108652334660292,-0.0024434609804302454
2025-05-06T17:17:04.472862,0.0,0.0,0.0
2025-05-06T17:17:04.634915,-0.010995574295520782,-0.00733038317412138,0.0
2025-05-06T17:17:04.794671,-0.009773843921720982,0.013439035043120384,0.0
2025-05-06T17:17:04.954369,-0.00733038317412138,-0.006108652334660292,0.0012217304902151227
2025-05-06T17:17:05.114370,-0.00855211354792118,-0.004886921960860491,0.0
2025-05-06T17:17:05.274910,-0.010995574295520782,0.013439035043120384,0.00366519158706069
2025-05-06T17:17:05.434948,-0.010995574295520782,0.01710422709584236,0.00366519158706069
2025-05-06T17:17:05.596488,-0.0024434609804302454,0.010995574295520782,-0.0012217304902151227
2025-05-06T17:17:05.756868,-0.010995574295520782,0.009773843921720982,0.00366519158706069
2025-05-06T17:17:05.920836,-0.010995574295520782,0.01710422709584236,-0.0024434609804302454
2025-05-06T17:17:06.078227,-0.010995574295520782,0.013439035043120384,0.0012217304902151227
2025-05-06T17:17:06.233706,0.0,0.00366519158706069,-0.00366519158706069
2025-05-06T17:17:06.397087,-0.00366519158706069,0.0024434609804302454,0.0
2025-05-06T17:17:06.556962,-0.01710422709584236,0.018325956538319588,0.0024434609804302454
2025-05-06T17:17:06.717983,-0.00855211354792118,0.015882495790719986,0.004886921960860491
2025-05-06T17:17:06.876770,-0.0012217304902151227,0.004886921960860491,0.0
2025-05-06T17:17:07.038559,0.14905111491680145,0.08552113175392151,0.17837265133857727
2025-05-06T17:17:07.197419,1.3170254230499268,-0.8723155856132507,0.797789990901947
2025-05-06T17:17:07.358850,1.4636331796646118,0.19425514340400696,1.6896532773971558
2025-05-06T17:17:07.518435,0.5400048494338989,0.6585127115249634,0.7806857824325562
2025-05-06T17:17:07.675370,0.608421802520752,0.00855211354792118,0.2541199326515198
2025-05-06T17:17:07.838526,0.48258355259895325,-0.1966986060142517,0.07941248267889023
2025-05-06T17:17:07.998272,0.47769662737846375,-0.1612684279680252,0.19792033731937408
2025-05-06T17:17:08.158929,0.05375614017248154,-0.06719517707824707,-0.051312681287527084
2025-05-06T17:17:08.318358,0.009773843921720982,0.07208210229873657,-0.01710422709584236
2025-05-06T17:17:08.479386,0.03787364438176155,0.16004669666290283,-0.059864792972803116
2025-05-06T17:17:08.639893,0.13561208546161652,0.03176499158143997,0.051312681287527084
2025-05-06T17:17:08.801501,0.10751228034496307,0.025656340643763542,-0.04153883829712868
2025-05-06T17:17:08.960723,-0.13805554807186127,0.08674286305904388,-0.1062905490398407
2025-05-06T17:17:09.119794,-0.07696902006864548,0.21135938167572021,-0.3897320330142975
2025-05-06T17:17:09.280538,0.17959438264369965,0.01466076634824276,-0.07452555745840073
2025-05-06T17:17:09.441189,0.2174680233001709,-0.08185594528913498,0.21868975460529327
2025-05-06T17:17:09.600888,0.05009094998240471,0.059864792972803116,0.006108652334660292
2025-05-06T17:17:09.762548,0.045204028487205505,0.04153883829712868,-0.05864306539297104
2025-05-06T17:17:09.921433,-0.025656340643763542,0.1270599663257599,-0.21380282938480377
2025-05-06T17:17:10.081182,0.08674286305904388,-0.030543262138962746,0.07330382615327835
2025-05-06T17:17:10.242556,-0.12828169763088226,0.15393804013729095,-0.38606682419776917
2025-05-06T17:17:10.402374,0.05009094998240471,0.00855211354792118,0.10751228034496307
2025-05-06T17:17:10.561568,-0.13927727937698364,-0.05864306539297104,0.12461651116609573
2025-05-06T17:17:10.725238,-0.14049901068210602,-0.03787364438176155,-0.11362093687057495
2025-05-06T17:17:10.884665,-0.13316862285137177,-0.43615779280662537,0.3139847218990326
2025-05-06T17:17:11.042355,0.07208210229873657,-0.018325956538319588,-0.11728613078594208
2025-05-06T17:17:11.201948,-0.018325956538319588,-0.039095375686883926,-0.006108652334660292
2025-05-06T17:17:11.362291,-0.7318165898323059,0.05497787147760391,-0.00366519158706069
2025-05-06T17:17:11.520655,-0.05742133408784866,0.0354301854968071,0.021991148591041565
2025-05-06T17:17:11.681395,-0.04398229718208313,0.06963863968849182,-0.07941248267889023
2025-05-06T17:17:11.841086,-0.025656340643763542,0.00733038317412138,-0.013439035043120384
2025-05-06T17:17:12.009549,-0.05375614017248154,-0.02321287989616394,0.045204028487205505
2025-05-06T17:17:12.162397,0.03298672288656235,-0.16249015927314758,0.43737950921058655
2025-05-06T17:17:12.321031,0.21380282938480377,-0.03420845419168472,0.10384709388017654
2025-05-06T17:17:12.484546,-0.09773843735456467,-0.03787364438176155,0.1111774742603302
2025-05-06T17:17:12.639881,-0.1368338167667389,0.0,0.030543262138962746
2025-05-06T17:17:12.802049,0.039095375686883926,-0.021991148591041565,0.051312681287527084
2025-05-06T17:17:12.960171,0.34086281061172485,-0.051312681287527084,0.04398229718208313
2025-05-06T17:17:13.118774,0.00733038317412138,0.019547687843441963,0.024434609338641167
2025-05-06T17:17:13.279277,-0.2932153046131134,0.03420845419168472,-0.2687807083129883
2025-05-06T17:17:13.443970,-0.02321287989616394,-0.05253441259264946,0.05497787147760391
2025-05-06T17:17:13.599068,-0.08674286305904388,-0.04642575979232788,0.10873401165008545
2025-05-06T17:17:13.757283,-0.0757472887635231,0.06108652427792549,-0.07941248267889023
2025-05-06T17:17:13.917947,-0.08796459436416626,0.02076941914856434,-0.08429940044879913
2025-05-06T17:17:14.080153,0.0,-0.013439035043120384,0.05253441259264946
2025-05-06T17:17:14.237837,-0.11362093687057495,-0.00733038317412138,-0.09896016865968704
2025-05-06T17:17:14.398186,0.607200026512146,-0.2125810980796814,0.09896016865968704
2025-05-06T17:17:14.557405,0.11972958594560623,0.15515977144241333,-0.03298672288656235
2025-05-06T17:17:14.717185,0.03176499158143997,0.036651913076639175,-0.036651913076639175
2025-05-06T17:17:14.879292,0.045204028487205505,0.0708603709936142,-0.05009094998240471
2025-05-06T17:17:15.038786,-0.21868975460529327,0.004886921960860491,-0.4080579876899719
2025-05-06T17:17:15.200959,-0.1062905490398407,0.07819075137376785,-0.4141666293144226
2025-05-06T17:17:15.359952,-0.4386012554168701,-0.06230825558304787,-0.26145032048225403
2025-05-06T17:17:15.519102,0.019547687843441963,0.07819075137376785,-0.22846360504627228
2025-05-06T17:17:15.681802,0.46670106053352356,0.14782938361167908,-0.2773328125476837
2025-05-06T17:17:15.845662,0.17592918872833252,0.07941248267889023,0.004886921960860491
2025-05-06T17:17:16.008541,0.03787364438176155,0.042760565876960754,0.06230825558304787
2025-05-06T17:17:16.166859,0.03787364438176155,0.03420845419168472,-0.07819075137376785
2025-05-06T17:17:16.327697,-0.08307767659425735,0.06352998316287994,-0.26145032048225403
2025-05-06T17:17:16.488763,-0.09529497474431992,-0.02076941914856434,0.05375614017248154
2025-05-06T17:17:16.649166,-0.09285151958465576,0.0024434609804302454,-0.04886921867728233
2025-05-06T17:17:16.809232,0.02932153269648552,0.019547687843441963,0.17348572611808777
2025-05-06T17:17:16.969427,0.00366519158706069,0.00733038317412138,0.2565633952617645
2025-05-06T17:17:17.129412,-0.12950342893600464,0.02932153269648552,0.2015855312347412
2025-05-06T17:17:17.289391,0.08307767659425735,0.16737708449363708,-0.02687807008624077
2025-05-06T17:17:17.449627,-0.10873401165008545,0.05742133408784866,0.05497787147760391
2025-05-06T17:17:17.611674,-0.41661009192466736,-0.15882496535778046,-0.08307767659425735
2025-05-06T17:17:17.762080,0.05619960278272629,0.051312681287527084,-0.48747047781944275
2025-05-06T17:17:17.924756,0.42760565876960754,-0.14538592100143433,0.2993239760398865
2025-05-06T17:17:18.082505,0.05864306539297104,-0.030543262138962746,0.16004669666290283
2025-05-06T17:17:18.258664,0.4495968222618103,-0.8429940342903137,-0.47769662737846375
2025-05-06T17:17:18.404705,-0.14905111491680145,0.0659734457731247,0.2015855312347412
2025-05-06T17:17:18.563929,-0.01710422709584236,-0.01466076634824276,0.08918632566928864
2025-05-06T17:17:18.725989,-0.11484266817569733,0.018325956538319588,-0.02321287989616394
2025-05-06T17:17:18.883287,-0.015882495790719986,-0.36529740691185,-0.5155702829360962
2025-05-06T17:17:19.045282,-0.15760323405265808,-0.06475171446800232,-0.02687807008624077
2025-05-06T17:17:19.203526,0.05619960278272629,-0.10384709388017654,0.11484266817569733
2025-05-06T17:17:19.361420,0.13072516024112701,0.06475171446800232,-0.09773843735456467
2025-05-06T17:17:19.521435,-0.06719517707824707,0.06475171446800232,-0.31031954288482666
2025-05-06T17:17:19.680274,0.5106833577156067,-0.31154128909111023,-1.3683381080627441
2025-05-06T17:17:19.839995,0.004886921960860491,0.2541199326515198,0.05742133408784866
2025-05-06T17:17:20.000183,0.15271630883216858,0.26633724570274353,-0.08185594528913498
2025-05-06T17:17:20.160590,-0.23090706765651703,-0.20402899384498596,0.0403171069920063
2025-05-06T17:17:20.323202,-0.10751228034496307,0.10873401165008545,0.6536257863044739
2025-05-06T17:17:20.478616,-0.16371189057826996,-0.5009095072746277,-0.09162978827953339
2025-05-06T17:17:20.639762,-0.4593706727027893,-1.0800096988677979,-0.7611380815505981
2025-05-06T17:17:20.801315,-0.42271876335144043,-1.0543533563613892,-1.1557570695877075
2025-05-06T17:17:20.961503,0.028099801391363144,-0.07941248267889023,-0.0403171069920063
2025-05-06T17:17:21.120326,-0.08674286305904388,0.2736676335334778,0.17592918872833252
2025-05-06T17:17:21.278672,0.3995058834552765,0.06352998316287994,0.06352998316287994
2025-05-06T17:17:21.439275,-0.23945917189121246,0.10018189996480942,0.1319468915462494
2025-05-06T17:17:21.601056,-0.0708603709936142,0.17592918872833252,0.1612684279680252
2025-05-06T17:17:21.759665,0.09529497474431992,0.24068090319633484,0.1319468915462494
2025-05-06T17:17:21.919224,0.07941248267889023,0.06841690838336945,0.07208210229873657
2025-05-06T17:17:22.082371,-2.0561723709106445,-0.23945917189121246,0.31154128909111023
2025-05-06T17:17:22.238640,-0.4251621961593628,-0.32131510972976685,-0.05619960278272629
2025-05-06T17:17:22.398298,-1.6004669666290283,-0.675616979598999,-0.47769662737846375
2025-05-06T17:17:22.558936,-0.5424483418464661,-0.1869247704744339,-0.2871066629886627
2025-05-06T17:17:22.717886,-0.44593164324760437,-0.23090706765651703,-0.16371189057826996
2025-05-06T17:17:22.878679,-0.26022860407829285,-0.19547687470912933,-0.13072516024112701
2025-05-06T17:17:23.039712,0.6157521605491638,-0.2968805134296417,0.07208210229873657
2025-05-06T17:17:23.197997,-0.1111774742603302,-0.09651670604944229,-0.21013765037059784
2025-05-06T17:17:23.357978,0.08918632566928864,-0.05253441259264946,-0.17837265133857727
2025-05-06T17:17:23.518743,-0.19303341209888458,0.03787364438176155,-0.07330382615327835
2025-05-06T17:17:23.680477,0.11239920556545258,0.10873401165008545,0.09529497474431992
2025-05-06T17:17:23.839747,-0.0354301854968071,0.004886921960860491,-0.05253441259264946
2025-05-06T17:17:23.999808,0.14782938361167908,-0.16249015927314758,-0.08674286305904388
2025-05-06T17:17:24.160671,0.4544837474822998,-0.1661553531885147,-0.015882495790719986
2025-05-06T17:17:24.321183,0.40683624148368835,-0.045204028487205505,-0.02321287989616394
2025-05-06T17:17:24.480694,0.14538592100143433,-0.22479841113090515,-0.021991148591041565
2025-05-06T17:17:24.643658,-0.11484266817569733,0.0354301854968071,0.04398229718208313
2025-05-06T17:17:24.801242,-0.09529497474431992,0.28955012559890747,-0.10262536257505417
2025-05-06T17:17:24.961725,-0.10995574295520782,-0.01466076634824276,-0.09773843735456467
2025-05-06T17:17:25.123304,0.2272418737411499,-0.059864792972803116,0.0012217304902151227
2025-05-06T17:17:25.282770,0.04398229718208313,-0.31154128909111023,-0.1062905490398407
2025-05-06T17:17:25.443238,-0.10384709388017654,-0.07819075137376785,-0.03176499158143997
2025-05-06T17:17:25.602421,0.010995574295520782,-0.015882495790719986,0.0708603709936142
2025-05-06T17:17:25.769083,0.028099801391363144,-0.03420845419168472,-0.024434609338641167
2025-05-06T17:17:25.926163,-0.09285151958465576,-0.06352998316287994,-0.025656340643763542
2025-05-06T17:17:26.081691,-0.03420845419168472,0.009773843921720982,-0.02321287989616394
2025-05-06T17:17:26.243406,0.01466076634824276,0.05619960278272629,0.0354301854968071
2025-05-06T17:17:26.401421,-0.22113321721553802,-0.04153883829712868,0.024434609338641167
2025-05-06T17:17:26.561342,-0.03787364438176155,-0.010995574295520782,-0.02076941914856434
2025-05-06T17:17:26.723555,-0.09896016865968704,0.17104226350784302,0.019547687843441963
2025-05-06T17:17:26.881834,0.00366519158706069,-0.030543262138962746,-0.042760565876960754
2025-05-06T17:17:27.043547,-0.34208452701568604,0.09162978827953339,0.004886921960860491
2025-05-06T17:17:27.203058,-0.03176499158143997,0.13439035415649414,0.03298672288656235
2025-05-06T17:17:27.362148,0.09773843735456467,-0.08307767659425735,0.05864306539297104
2025-05-06T17:17:27.523143,0.1368338167667389,-0.06841690838336945,0.1160643994808197
2025-05-06T17:17:27.684724,0.28466320037841797,-0.05864306539297104,-0.00366519158706069
2025-05-06T17:17:27.844465,1.0958921909332275,-0.11972958594560623,0.06475171446800232
2025-05-06T17:17:28.004225,0.8527678847312927,0.030543262138962746,0.15027284622192383
2025-05-06T17:17:28.164825,-0.4092797040939331,0.02932153269648552,0.0403171069920063
2025-05-06T17:17:28.325049,-0.38117989897727966,0.0403171069920063,-0.01466076634824276
2025-05-06T17:17:28.486918,-0.27977627515792847,0.059864792972803116,-0.013439035043120384
2025-05-06T17:17:28.644400,-0.20036379992961884,0.03176499158143997,0.0024434609804302454
2025-05-06T17:17:28.804630,-0.20036379992961884,-0.015882495790719986,-0.02321287989616394
2025-05-06T17:17:28.966019,-1.1924089193344116,0.11239920556545258,0.04398229718208313
2025-05-06T17:17:29.124313,-0.2724458873271942,0.03420845419168472,-0.09896016865968704
2025-05-06T17:17:29.283273,-0.1918116807937622,0.08429940044879913,-0.09285151958465576
2025-05-06T17:17:29.443495,-0.18325957655906677,0.05742133408784866,-0.04153883829712868
2025-05-06T17:17:29.603835,0.09285151958465576,-0.045204028487205505,0.010995574295520782
2025-05-06T17:17:29.764743,0.04886921867728233,0.0,0.02321287989616394
2025-05-06T17:17:29.922565,-0.08185594528913498,0.04398229718208313,0.004886921960860491
2025-05-06T17:17:30.084497,-0.0024434609804302454,0.01710422709584236,0.00733038317412138
2025-05-06T17:17:30.247761,0.04153883829712868,-0.028099801391363144,0.021991148591041565
2025-05-06T17:17:30.402794,-0.1869247704744339,0.039095375686883926,0.0403171069920063
2025-05-06T17:17:30.562937,0.04153883829712868,0.010995574295520782,-0.045204028487205505
2025-05-06T17:19:30.248431,-0.04153883829712868,0.0024434609804302454,0.02687807008624077
2025-05-06T17:19:30.280110,-0.0354301854968071,-0.015882495790719986,-0.31520646810531616
2025-05-06T17:19:30.440677,-2.8771753311157227,-0.9896016716957092,-0.47280970215797424
2025-05-06T17:19:30.600995,-2.4801127910614014,-0.8967501521110535,-0.18814650177955627
2025-05-06T17:19:30.760626,-0.3787364661693573,-0.2223549485206604,0.030543262138962746
2025-05-06T17:19:30.921649,-0.3090978264808655,-0.11239920556545258,0.06963863968849182
2025-05-06T17:19:31.081792,-0.12828169763088226,-0.09896016865968704,0.05009094998240471
2025-05-06T17:19:31.244280,0.3982841372489929,0.3127630054950714,0.11239920556545258
2025-05-06T17:19:31.405681,0.31154128909111023,0.2773328125476837,0.05497787147760391
2025-05-06T17:19:31.565979,-0.48380526900291443,-0.26145032048225403,-0.17470745742321014
2025-05-06T17:19:31.726081,-0.35552358627319336,-0.12828169763088226,-0.14782938361167908
2025-05-06T17:19:31.885828,0.5192354321479797,0.4447098970413208,0.1111774742603302
2025-05-06T17:19:32.046262,0.23457226157188416,0.07941248267889023,0.036651913076639175
2025-05-06T17:19:32.205039,-0.6572909951210022,-0.3481931984424591,-0.019547687843441963
2025-05-06T17:19:32.367099,0.5656611919403076,0.5119050741195679,-0.06963863968849182
2025-05-06T17:34:59.515266,0.025656340643763542,0.025656340643763542,-0.021991148591041565
2025-05-06T17:34:59.676311,-0.06963863968849182,-0.01710422709584236,-0.02321287989616394
2025-05-06T17:43:32.658046,-0.1368338167667389,-0.0024434609804302454,0.0
2025-05-06T17:43:32.658603,-0.2015855312347412,0.11850785464048386,0.4715879559516907
2025-05-06T17:43:32.792644,0.5363397002220154,-0.02321287989616394,-0.6096435189247131
2025-05-06T17:43:32.953982,0.6695083379745483,0.24923302233219147,0.15393804013729095
2025-05-06T17:43:33.111179,0.09896016865968704,0.2834414839744568,0.08429940044879913
2025-05-06T17:43:33.270715,0.29565876722335815,-0.07452555745840073,-0.03176499158143997
2025-05-06T17:43:33.430796,0.2076941877603531,-0.009773843921720982,-0.294437050819397
2025-05-06T17:43:33.590569,-0.010995574295520782,0.03176499158143997,-0.7073819637298584
2025-05-06T17:43:33.752751,0.9566149711608887,-0.10751228034496307,0.17959438264369965
2025-05-06T17:43:33.912475,0.8381071090698242,-0.10751228034496307,-0.16493362188339233
2025-05-06T17:43:34.077191,1.7043139934539795,0.021991148591041565,-0.7354817390441895
2025-05-06T17:43:34.232711,0.5009095072746277,0.013439035043120384,-0.5082398653030396
2025-05-06T17:43:34.394386,-0.5815436840057373,-0.384845107793808,0.31031954288482666
2025-05-06T17:43:34.553914,-0.1869247704744339,0.028099801391363144,-0.12217304855585098
2025-05-06T17:43:34.713692,-0.05742133408784866,0.0659734457731247,0.05864306539297104
2025-05-06T17:43:34.875746,-0.009773843921720982,0.08552113175392151,-0.04398229718208313
2025-05-06T17:43:35.035767,-0.3286454975605011,-0.09773843735456467,0.21624629199504852
2025-05-06T17:43:35.195263,0.1160643994808197,-0.05009094998240471,0.08674286305904388
2025-05-06T17:43:35.355434,-0.26633724570274353,-0.16493362188339233,-0.7550294399261475
2025-05-06T17:43:35.514497,0.29077184200286865,-0.15271630883216858,-0.07208210229873657
2025-05-06T17:43:35.676907,0.7684684991836548,-0.1466076523065567,-0.010995574295520782
2025-05-06T17:43:35.837532,-0.1417207419872284,0.009773843921720982,0.10751228034496307
2025-05-06T17:43:35.995195,-0.021991148591041565,-0.024434609338641167,-0.06352998316287994
2025-05-06T17:43:36.156964,-0.13561208546161652,-0.051312681287527084,0.045204028487205505
2025-05-06T17:43:36.318586,-0.11484266817569733,-0.17837265133857727,-0.05619960278272629
2025-05-06T17:43:36.477722,-0.304210901260376,-0.05375614017248154,0.24678955972194672
2025-05-06T17:43:36.637570,-0.028099801391363144,-0.1514945775270462,-0.1417207419872284
2025-05-06T17:43:36.798619,0.2773328125476837,-0.15760323405265808,-0.16371189057826996
2025-05-06T17:43:36.958895,-0.18936823308467865,0.03298672288656235,-1.0250319242477417
2025-05-06T17:43:37.118609,-0.5485569834709167,-0.5180137157440186,-1.350012183189392
2025-05-06T17:43:37.280793,-4.473977088928223,-0.24678955972194672,-1.0005972385406494
2025-05-06T17:43:37.440495,0.8393288254737854,-0.21868975460529327,-1.2486085891723633
2025-05-06T17:43:37.599959,0.2565633952617645,-1.0824532508850098,0.18325957655906677
2025-05-07T16:37:57.319104,-0.012217304669320583,0.02076941914856434,-0.024434609338641167
2025-05-07T16:37:57.464180,-0.2932153046131134,-0.27000242471694946,-0.05009094998240471
2025-05-07T16:37:57.508648,-0.02076941914856434,0.10751228034496307,-0.045204028487205505
2025-05-07T16:37:57.667995,0.24434609711170197,0.3787364661693573,-0.010995574295520782
2025-05-07T16:37:57.830155,0.2736676335334778,0.30543261766433716,0.05253441259264946
2025-05-07T16:37:57.994226,-0.11239920556545258,-0.10506882518529892,0.0
2025-05-07T16:37:58.152337,-0.13805554807186127,-0.3494149148464203,-0.004886921960860491
2025-05-07T16:37:58.313428,-0.05864306539297104,-0.06230825558304787,-0.018325956538319588
2025-05-07T16:37:58.472304,0.09773843735456467,-0.06352998316287994,-0.013439035043120384
