2025-05-19T18:44:13.942430,-0.6218608021736145,0.4056145250797272,-0.0354301854968071
2025-05-19T18:44:14.073727,-0.0354301854968071,0.0012217304902151227,-0.00733038317412138
2025-05-19T18:44:14.232876,-0.019547687843441963,-0.03298672288656235,-0.015882495790719986
2025-05-19T18:44:14.397116,0.006108652334660292,0.009773843921720982,0.028099801391363144
2025-05-19T18:44:14.557401,-0.019547687843441963,0.0,0.02076941914856434
2025-05-19T18:44:14.719319,0.01466076634824276,-0.02687807008624077,0.02076941914856434
2025-05-19T18:44:14.873655,-0.0757472887635231,-0.02687807008624077,-0.012217304669320583
2025-05-19T18:44:15.040930,-0.8136724829673767,0.03420845419168472,0.1514945775270462
2025-05-19T18:44:15.199410,-0.5913175344467163,0.5009095072746277,0.16004669666290283
2025-05-19T18:44:15.362023,0.17592918872833252,0.35552358627319336,-0.01710422709584236
2025-05-19T18:44:15.520969,-0.14905111491680145,-0.0024434609804302454,0.11728613078594208
2025-05-19T18:44:15.680927,0.1270599663257599,0.08918632566928864,0.00855211354792118
2025-05-19T18:44:15.839281,-0.19058994948863983,-0.05375614017248154,0.0354301854968071
2025-05-19T18:44:16.000284,-0.4544837474822998,-0.17959438264369965,-0.10262536257505417
2025-05-19T18:44:16.161929,-3.7470474243164062,-0.46670106053352356,-0.16249015927314758
2025-05-19T18:44:16.322433,-5.021312236785889,0.17837265133857727,-0.11972958594560623
2025-05-19T18:44:16.478914,3.590665817260742,-0.5192354321479797,-1.4184291362762451
2025-05-19T18:44:16.641805,-0.1661553531885147,-0.3029891550540924,-0.03787364438176155
2025-05-19T18:44:16.797073,0.3286454975605011,0.3628539443016052,-0.3701843321323395
2025-05-19T18:44:16.963154,-0.43249258399009705,0.3481931984424591,-1.1459832191467285
2025-05-19T18:44:17.122700,-1.0824532508850098,0.3176499307155609,-1.1484266519546509
2025-05-19T18:44:17.276498,-1.7544050216674805,-0.3286454975605011,-1.7837265729904175
2025-05-19T18:44:17.441287,-0.6316346526145935,0.059864792972803116,-0.9065240025520325
2025-05-19T18:44:17.603421,0.08796459436416626,0.10262536257505417,-0.05742133408784866
2025-05-19T18:44:17.762260,0.788016140460968,0.26633724570274353,0.769690215587616
2025-05-19T18:44:17.912364,-0.9957103729248047,0.31520646810531616,0.9077457785606384
2025-05-19T18:44:18.081439,-0.750142514705658,0.25045475363731384,0.3579670190811157
2025-05-19T18:44:18.243093,-0.28955012559890747,-0.6059783101081848,0.23090706765651703
2025-05-19T18:44:18.402092,-0.38606682419776917,0.02076941914856434,0.09040805697441101
2025-05-19T18:44:18.562092,-0.6438519954681396,-0.5754350423812866,0.12828169763088226
2025-05-19T18:44:18.723147,1.4428637027740479,-0.9724974632263184,-0.1258382350206375
2025-05-19T18:44:18.882456,0.05375614017248154,-0.19303341209888458,-0.11850785464048386
2025-05-19T18:44:19.041344,-0.2687807083129883,0.0806342139840126,0.5021312236785889
2025-05-19T18:44:19.200734,-0.3494149148464203,-0.22113321721553802,0.22602014243602753
2025-05-19T18:44:19.363393,-0.07452555745840073,-0.07941248267889023,-0.20525072515010834
2025-05-19T18:44:19.523051,0.5754350423812866,0.36163222789764404,-0.1966986060142517
2025-05-19T18:44:19.681939,2.1368067264556885,-0.06230825558304787,-0.07208210229873657
2025-05-19T18:44:19.841835,1.4208725690841675,-0.22479841113090515,-0.05864306539297104
2025-05-19T18:44:20.002958,0.384845107793808,0.1966986060142517,-0.2736676335334778
2025-05-19T18:44:20.163458,0.31031954288482666,-0.41172316670417786,-0.17348572611808777
2025-05-19T18:44:20.325361,-0.43127086758613586,-0.09162978827953339,-0.6377432942390442
2025-05-19T18:44:20.485229,-1.3170254230499268,-0.09040805697441101,-0.9920451641082764
2025-05-19T18:44:20.637051,-2.704911231994629,0.12217304855585098,-2.2149972915649414
2025-05-19T18:44:20.805625,-4.698775291442871,0.5094616413116455,-3.081204414367676
2025-05-19T18:44:20.962515,-0.6536257863044739,0.3628539443016052,-0.7293730974197388
2025-05-19T18:44:21.125544,1.3341296911239624,1.2999212741851807,0.797789990901947
2025-05-19T18:44:21.283242,0.19547687470912933,2.272418737411499,0.6963863968849182
2025-05-19T18:44:21.447011,-0.12095131725072861,0.4703662395477295,-0.49846604466438293
2025-05-19T18:44:21.606548,1.017701506614685,-0.93095862865448,-0.6206390857696533
2025-05-19T18:44:21.764692,-0.22602014243602753,-0.5070181488990784,-0.6499606370925903
2025-05-19T18:44:21.924517,-0.6218608021736145,-0.05497787147760391,-0.4508185386657715
2025-05-19T18:44:22.085370,0.004886921960860491,-0.4789183437824249,-0.4141666293144226
2025-05-19T18:44:22.245704,-0.6939429044723511,-0.051312681287527084,-0.6194173693656921
2025-05-19T18:44:22.407170,-0.4813618063926697,0.16493362188339233,-0.5754350423812866
2025-05-19T18:44:22.564555,-0.32986724376678467,-0.2528982162475586,-0.37262779474258423
2025-05-19T18:44:22.726413,-0.17104226350784302,0.11728613078594208,0.0012217304902151227
2025-05-19T18:44:22.883543,0.21991148591041565,-0.021991148591041565,0.16493362188339233
2025-05-19T18:44:23.049627,0.23090706765651703,0.02321287989616394,0.17470745742321014
2025-05-19T18:44:23.204479,-0.2064724564552307,0.06352998316287994,0.11239920556545258
2025-05-19T18:44:23.365346,-0.17837265133857727,0.06230825558304787,0.14294247329235077
2025-05-19T18:44:23.525269,0.04153883829712868,-0.0024434609804302454,0.03420845419168472
2025-05-19T18:44:23.686229,-0.02321287989616394,0.01466076634824276,-0.0024434609804302454
2025-05-19T18:44:23.846124,-0.0012217304902151227,-0.013439035043120384,-0.0024434609804302454
2025-05-19T18:44:24.006177,0.05619960278272629,-0.05009094998240471,0.0
2025-05-19T18:44:24.168707,0.0024434609804302454,-0.01466076634824276,0.0012217304902151227
2025-05-19T18:44:24.325775,-0.03176499158143997,0.02076941914856434,-0.01466076634824276
2025-05-19T18:44:24.479298,-0.010995574295520782,-0.009773843921720982,0.00733038317412138
2025-05-19T18:44:24.646514,-0.04398229718208313,0.010995574295520782,-0.009773843921720982
2025-05-19T18:44:24.807001,-0.025656340643763542,-0.0024434609804302454,-0.015882495790719986
2025-05-19T18:44:24.968450,-0.00855211354792118,0.0024434609804302454,-0.0024434609804302454
2025-05-19T18:44:25.127356,-0.024434609338641167,0.006108652334660292,-0.018325956538319588
2025-05-19T18:44:25.289098,0.02321287989616394,-0.00855211354792118,-0.004886921960860491
2025-05-19T18:44:25.451663,-0.028099801391363144,0.00855211354792118,-0.015882495790719986
2025-05-19T18:44:25.606993,0.01466076634824276,-0.02076941914856434,-0.00366519158706069
2025-05-19T18:44:25.768425,0.0024434609804302454,-0.012217304669320583,-0.012217304669320583
2025-05-19T18:44:25.927668,0.00733038317412138,-0.02076941914856434,-0.006108652334660292
2025-05-19T18:44:26.089931,0.00733038317412138,-0.006108652334660292,-0.009773843921720982
2025-05-19T18:44:26.248433,0.02321287989616394,-0.025656340643763542,-0.0024434609804302454
2025-05-19T18:44:26.407993,-0.004886921960860491,-0.015882495790719986,-0.013439035043120384
2025-05-19T18:44:26.569346,0.00366519158706069,-0.01710422709584236,-0.0012217304902151227
2025-05-19T18:44:26.728274,0.0012217304902151227,0.0024434609804302454,0.021991148591041565
2025-05-19T18:44:26.887311,-0.0354301854968071,0.030543262138962746,0.06719517707824707
2025-05-19T18:44:27.049371,-0.01466076634824276,0.0659734457731247,0.10384709388017654
2025-05-19T18:44:27.208373,-0.13072516024112701,0.07330382615327835,0.08307767659425735
2025-05-19T18:44:27.366833,-0.11362093687057495,0.08918632566928864,0.12461651116609573
2025-05-19T18:44:27.532387,-0.16004669666290283,0.06230825558304787,0.08307767659425735
2025-05-19T18:44:27.691357,-0.06475171446800232,0.02076941914856434,0.05497787147760391
2025-05-19T18:44:27.850983,-0.0012217304902151227,-0.039095375686883926,0.06719517707824707
2025-05-19T18:44:28.010588,-0.1258382350206375,0.06475171446800232,0.05375614017248154
2025-05-19T18:44:28.174123,-0.04153883829712868,0.02932153269648552,-0.04642575979232788
2025-05-19T18:44:28.331115,0.01466076634824276,-0.07696902006864548,-0.00366519158706069
2025-05-19T18:44:28.491540,-0.07819075137376785,-0.04398229718208313,-0.009773843921720982
2025-05-19T18:44:28.652232,0.05497787147760391,-0.042760565876960754,-0.019547687843441963
2025-05-19T18:44:28.811672,0.06719517707824707,-0.030543262138962746,-0.042760565876960754
2025-05-19T18:44:28.973143,-0.11972958594560623,0.03420845419168472,-0.039095375686883926
2025-05-19T18:44:29.130369,0.05619960278272629,-0.018325956538319588,-0.024434609338641167
2025-05-19T18:44:29.292589,0.04886921867728233,0.02321287989616394,-0.0403171069920063
2025-05-19T18:44:29.451268,0.05864306539297104,0.0024434609804302454,-0.004886921960860491
2025-05-19T18:44:29.613259,-0.02321287989616394,-0.0024434609804302454,-0.02932153269648552
2025-05-19T18:44:29.772631,-0.004886921960860491,0.00855211354792118,-0.010995574295520782
2025-05-19T18:44:29.934463,-0.030543262138962746,0.025656340643763542,-0.009773843921720982
2025-05-19T18:44:30.092078,0.024434609338641167,-0.013439035043120384,0.0024434609804302454
2025-05-19T18:44:30.251477,0.0012217304902151227,0.006108652334660292,0.0012217304902151227
2025-05-19T18:44:30.413925,-0.010995574295520782,0.019547687843441963,0.00733038317412138
2025-05-19T18:44:30.573553,-0.012217304669320583,0.00855211354792118,0.004886921960860491
2025-05-19T18:44:30.733656,0.018325956538319588,-0.01710422709584236,0.009773843921720982
2025-05-19T18:44:30.891540,-0.018325956538319588,-0.00366519158706069,0.0024434609804302454
2025-05-19T18:44:31.051403,0.010995574295520782,-0.01466076634824276,0.01710422709584236
2025-05-19T18:44:31.214770,-0.019547687843441963,0.006108652334660292,0.00733038317412138
2025-05-19T18:44:31.374694,-0.010995574295520782,0.015882495790719986,0.006108652334660292
2025-05-19T18:44:31.533644,-0.012217304669320583,-0.0024434609804302454,0.00733038317412138
2025-05-19T18:44:31.695353,0.00855211354792118,-0.0024434609804302454,0.015882495790719986
2025-05-19T18:44:31.854657,0.02321287989616394,-0.024434609338641167,0.00733038317412138
2025-05-19T18:44:32.015272,0.010995574295520782,-0.010995574295520782,0.00733038317412138
2025-05-19T18:44:32.178594,-0.009773843921720982,-0.004886921960860491,0.009773843921720982
2025-05-19T18:44:32.334792,-0.009773843921720982,0.009773843921720982,0.0024434609804302454
2025-05-19T18:44:32.497780,0.05742133408784866,-0.05497787147760391,-0.009773843921720982
2025-05-19T18:44:32.655679,-0.0354301854968071,0.0403171069920063,0.025656340643763542
2025-05-19T18:44:32.816626,0.00366519158706069,-0.01466076634824276,-0.01466076634824276
2025-05-19T18:44:32.980557,0.025656340643763542,0.02321287989616394,0.039095375686883926
2025-05-19T18:44:33.138385,0.015882495790719986,-0.0354301854968071,-0.024434609338641167
2025-05-19T18:44:33.299037,-0.0024434609804302454,0.010995574295520782,0.025656340643763542
2025-05-19T18:44:33.457069,0.045204028487205505,-0.05375614017248154,-0.00855211354792118
2025-05-19T18:44:33.616990,0.05864306539297104,-0.042760565876960754,-0.05619960278272629
2025-05-19T18:44:33.774752,0.26633724570274353,-0.025656340643763542,-0.18814650177955627
2025-05-19T18:44:33.937939,0.5583308339118958,0.10995574295520782,-0.34574973583221436
2025-05-19T18:44:34.092703,0.7440338730812073,0.1563815027475357,-0.02321287989616394
2025-05-19T18:44:34.258736,0.3995058834552765,0.13439035415649414,0.2724458873271942
2025-05-19T18:44:34.418485,0.4178318381309509,0.1270599663257599,0.1466076523065567
2025-05-19T18:44:34.578023,0.39095374941825867,-0.2064724564552307,0.03176499158143997
2025-05-19T18:44:34.737445,0.5998696684837341,0.00855211354792118,0.48258355259895325
2025-05-19T18:44:34.896867,0.2565633952617645,0.06352998316287994,0.42638394236564636
2025-05-19T18:44:35.059191,0.5510004758834839,0.21013765037059784,0.3127630054950714
2025-05-19T18:44:35.219236,0.15027284622192383,0.2028072625398636,0.4300491213798523
2025-05-19T18:44:35.379180,-0.3445279896259308,-0.15271630883216858,0.015882495790719986
2025-05-19T18:44:35.540058,0.06963863968849182,-0.04153883829712868,0.08796459436416626
2025-05-19T18:44:35.699679,0.24556782841682434,0.10873401165008545,-0.14049901068210602
2025-05-19T18:44:35.859108,-0.13561208546161652,0.18081611394882202,-0.08674286305904388
2025-05-19T18:44:36.018250,-0.06108652427792549,-0.02076941914856434,-0.019547687843441963
2025-05-19T18:44:36.181381,0.042760565876960754,0.04764748737215996,-0.14538592100143433
2025-05-19T18:44:36.338701,-0.01710422709584236,0.10384709388017654,-0.1160643994808197
2025-05-19T18:44:36.499609,0.010995574295520782,0.00733038317412138,-0.019547687843441963
2025-05-19T18:44:36.658414,-0.02076941914856434,0.08674286305904388,0.0
2025-05-19T18:44:36.822173,-0.12828169763088226,-0.021991148591041565,0.1111774742603302
2025-05-19T18:44:36.979328,0.09407325088977814,0.04764748737215996,-0.028099801391363144
2025-05-19T18:44:37.138772,0.0024434609804302454,-0.013439035043120384,0.0012217304902151227
2025-05-19T18:44:37.298520,-0.036651913076639175,-0.0354301854968071,0.015882495790719986
2025-05-19T18:44:37.452471,-0.06963863968849182,-0.10262536257505417,0.08429940044879913
2025-05-19T18:44:37.620356,0.01466076634824276,-0.039095375686883926,0.00855211354792118
2025-05-19T18:44:37.781446,0.019547687843441963,-0.030543262138962746,0.03420845419168472
2025-05-19T18:44:37.941004,-0.019547687843441963,0.004886921960860491,-0.019547687843441963
2025-05-19T18:44:38.100068,0.00855211354792118,0.004886921960860491,-0.0012217304902151227
2025-05-19T18:44:38.261885,0.006108652334660292,-0.00733038317412138,-0.006108652334660292
2025-05-19T18:44:38.421835,0.01466076634824276,0.006108652334660292,0.0024434609804302454
2025-05-19T18:44:38.581890,-0.019547687843441963,-0.010995574295520782,-0.00855211354792118
2025-05-19T18:44:38.742408,0.02932153269648552,-0.004886921960860491,-0.019547687843441963
2025-05-19T18:44:38.902075,0.009773843921720982,0.006108652334660292,-0.009773843921720982
2025-05-19T18:44:39.060166,0.013439035043120384,-0.0024434609804302454,-0.00733038317412138
2025-05-19T18:44:39.220940,0.00733038317412138,-0.0012217304902151227,-0.006108652334660292
2025-05-19T18:44:39.383282,0.0024434609804302454,0.006108652334660292,-0.01710422709584236
2025-05-19T18:44:39.543250,0.00733038317412138,-0.004886921960860491,-0.00366519158706069
2025-05-19T18:44:39.700732,-0.00733038317412138,0.0012217304902151227,0.0012217304902151227
2025-05-19T18:44:39.862426,0.00733038317412138,-0.013439035043120384,-0.00366519158706069
2025-05-19T18:44:40.025373,0.012217304669320583,-0.01466076634824276,-0.009773843921720982
2025-05-19T18:44:40.183109,0.03420845419168472,-0.04886921867728233,-0.006108652334660292
2025-05-19T18:44:40.342653,-0.006108652334660292,-0.02076941914856434,-0.030543262138962746
2025-05-19T18:44:40.502617,0.010995574295520782,-0.018325956538319588,0.0012217304902151227
2025-05-19T18:44:40.663326,0.009773843921720982,-0.021991148591041565,-0.012217304669320583
2025-05-19T18:44:40.820986,0.009773843921720982,-0.006108652334660292,-0.006108652334660292
2025-05-19T18:44:40.985111,0.004886921960860491,0.02687807008624077,-0.0024434609804302454
2025-05-19T18:44:41.142200,-0.013439035043120384,0.00855211354792118,0.00366519158706069
2025-05-19T18:44:41.302978,0.01710422709584236,-0.0403171069920063,0.0
2025-05-19T18:44:41.464177,0.021991148591041565,-0.01466076634824276,-0.010995574295520782
2025-05-19T18:44:41.624986,0.03176499158143997,-0.01710422709584236,0.0024434609804302454
2025-05-19T18:44:41.782938,0.012217304669320583,-0.010995574295520782,0.006108652334660292
2025-05-19T18:44:41.943577,0.03176499158143997,0.00733038317412138,0.0012217304902151227
2025-05-19T18:44:42.102122,0.0024434609804302454,0.0012217304902151227,-0.00366519158706069
2025-05-19T18:44:42.265124,-0.0012217304902151227,0.019547687843441963,-0.0012217304902151227
2025-05-19T18:44:42.423704,0.01710422709584236,-0.024434609338641167,0.0
2025-05-19T18:44:42.584426,-0.0024434609804302454,0.00366519158706069,0.006108652334660292
2025-05-19T18:44:42.744238,-0.00855211354792118,-0.004886921960860491,0.0024434609804302454
2025-05-19T18:44:42.905856,-0.00855211354792118,-0.0024434609804302454,-0.010995574295520782
2025-05-19T18:44:43.064388,0.00855211354792118,-0.01710422709584236,0.00366519158706069
2025-05-19T18:44:43.226112,0.01710422709584236,-0.0354301854968071,0.00366519158706069
2025-05-19T18:44:43.385316,0.0012217304902151227,-0.00733038317412138,-0.00366519158706069
2025-05-19T18:44:43.545703,0.0024434609804302454,0.01710422709584236,0.0024434609804302454
2025-05-19T18:44:43.705191,0.00733038317412138,0.0,0.00855211354792118
2025-05-19T18:44:43.864568,-0.010995574295520782,0.013439035043120384,0.0024434609804302454
2025-05-19T18:44:44.026668,-0.015882495790719986,0.018325956538319588,-0.00733038317412138
2025-05-19T18:44:44.184073,0.01466076634824276,-0.021991148591041565,0.01466076634824276
2025-05-19T18:44:44.344754,0.006108652334660292,0.01710422709584236,-0.00366519158706069
2025-05-19T18:44:44.506064,-0.004886921960860491,-0.00366519158706069,-0.012217304669320583
2025-05-19T18:44:44.664701,0.015882495790719986,-0.024434609338641167,0.010995574295520782
2025-05-19T18:44:44.826289,0.00733038317412138,0.00733038317412138,-0.02076941914856434
2025-05-19T18:44:44.984829,0.0012217304902151227,-0.0024434609804302454,-0.01710422709584236
2025-05-19T18:44:45.144568,0.0012217304902151227,0.0024434609804302454,0.010995574295520782
2025-05-19T18:44:45.280336,0.0024434609804302454,0.0,-0.00366519158706069
2025-05-19T18:44:45.447611,0.06719517707824707,-0.08429940044879913,0.06108652427792549
2025-05-19T18:44:45.606097,-0.06841690838336945,-0.025656340643763542,-0.00366519158706069
2025-05-19T18:44:45.765561,0.05497787147760391,-0.00733038317412138,-0.00733038317412138
2025-05-19T18:44:45.925995,-0.03176499158143997,-0.015882495790719986,0.010995574295520782
2025-05-19T18:44:46.085529,0.00733038317412138,-0.14905111491680145,0.01710422709584236
2025-05-19T18:44:46.246865,-0.1111774742603302,-0.13561208546161652,0.09040805697441101
2025-05-19T18:44:46.406389,-0.2028072625398636,-0.004886921960860491,-0.7855727076530457
2025-05-19T18:44:46.568,0.47280970215797424,-0.24434609711170197,-0.06108652427792549
2025-05-19T18:44:46.728096,-0.5717698931694031,-0.2565633952617645,0.24923302233219147
2025-05-19T18:44:46.887255,-0.5803219676017761,-0.09896016865968704,-0.1014036312699318
2025-05-19T18:44:47.047148,-0.2932153046131134,0.18448130786418915,0.22602014243602753
2025-05-19T18:44:47.207320,-0.07696902006864548,0.03420845419168472,0.09651670604944229
2025-05-19T18:44:47.369121,0.004886921960860491,-0.018325956538319588,0.010995574295520782
2025-05-19T18:44:47.520828,0.16004669666290283,-0.09407325088977814,0.05497787147760391
2025-05-19T18:44:47.688730,0.11239920556545258,-0.08307767659425735,-0.00733038317412138
2025-05-19T18:44:47.848217,0.03787364438176155,0.015882495790719986,-0.009773843921720982
2025-05-19T18:44:48.008211,-0.05253441259264946,0.00366519158706069,0.021991148591041565
2025-05-19T18:44:48.166819,0.04764748737215996,0.015882495790719986,0.024434609338641167
2025-05-19T18:44:48.331438,0.039095375686883926,0.08552113175392151,-0.06108652427792549
2025-05-19T18:44:48.489338,-0.11362093687057495,0.0024434609804302454,-0.010995574295520782
2025-05-19T18:44:48.648498,0.0659734457731247,-0.13805554807186127,-0.039095375686883926
2025-05-19T18:44:48.808010,0.07819075137376785,-0.06108652427792549,-0.02932153269648552
2025-05-19T18:44:48.969062,0.07696902006864548,-0.024434609338641167,0.00366519158706069
2025-05-19T18:44:49.130955,0.006108652334660292,-0.0012217304902151227,0.006108652334660292
2025-05-19T18:44:49.293018,0.0708603709936142,0.0403171069920063,-0.036651913076639175
2025-05-19T18:44:49.449321,-0.05742133408784866,0.015882495790719986,-0.03176499158143997
2025-05-19T18:44:49.610904,-0.0659734457731247,0.00733038317412138,0.02076941914856434
2025-05-19T18:44:49.759465,0.00366519158706069,-0.010995574295520782,0.02321287989616394
2025-05-19T18:44:49.930098,-0.021991148591041565,-0.00733038317412138,0.018325956538319588
2025-05-19T18:44:50.091261,0.0757472887635231,-0.039095375686883926,0.05009094998240471
2025-05-19T18:44:50.249969,0.025656340643763542,-0.0354301854968071,0.02687807008624077
2025-05-19T18:44:50.407481,-0.036651913076639175,-0.03420845419168472,0.028099801391363144
2025-05-19T18:44:50.570636,0.16493362188339233,-0.03787364438176155,0.06475171446800232
2025-05-19T18:44:50.729628,0.02076941914856434,0.03420845419168472,-0.042760565876960754
2025-05-19T18:44:50.891218,0.04153883829712868,-0.012217304669320583,-0.021991148591041565
2025-05-19T18:44:51.050887,0.00733038317412138,-0.018325956538319588,-0.02321287989616394
2025-05-19T18:44:51.211459,0.045204028487205505,-0.036651913076639175,-0.018325956538319588
2025-05-19T18:44:51.372606,0.036651913076639175,-0.02687807008624077,-0.025656340643763542
2025-05-19T18:44:51.531355,0.05742133408784866,-0.004886921960860491,-0.021991148591041565
2025-05-19T18:44:51.691550,-0.00366519158706069,-0.00366519158706069,0.0012217304902151227
2025-05-19T18:44:51.851426,0.015882495790719986,0.00366519158706069,0.012217304669320583
2025-05-19T18:44:52.012115,0.0,-0.015882495790719986,0.02932153269648552
2025-05-19T18:44:52.174373,0.059864792972803116,-0.025656340643763542,0.01466076634824276
2025-05-19T18:44:52.331559,0.02932153269648552,0.00855211354792118,0.03298672288656235
2025-05-19T18:44:52.467046,0.04153883829712868,-0.012217304669320583,-0.0354301854968071
2025-05-19T18:44:52.631571,-0.08429940044879913,0.019547687843441963,-0.0024434609804302454
2025-05-19T18:44:52.792312,-0.03787364438176155,0.024434609338641167,-0.0012217304902151227
2025-05-19T18:44:52.944961,0.02076941914856434,-0.015882495790719986,0.00733038317412138
2025-05-19T18:44:53.114053,-0.02687807008624077,-0.0024434609804302454,0.0024434609804302454
2025-05-19T18:44:53.270527,0.0,0.013439035043120384,-0.019547687843441963
2025-05-19T18:44:53.435205,-0.010995574295520782,-0.0012217304902151227,0.01710422709584236
2025-05-19T18:44:53.595301,0.02932153269648552,-0.03420845419168472,-0.013439035043120384
2025-05-19T18:44:53.756188,-0.019547687843441963,0.01710422709584236,-0.019547687843441963
2025-05-19T18:44:53.914703,-0.00855211354792118,0.006108652334660292,-0.015882495790719986
2025-05-19T18:44:54.077028,0.0012217304902151227,-0.00366519158706069,0.019547687843441963
2025-05-19T18:44:54.231523,-0.0024434609804302454,-0.013439035043120384,-0.0012217304902151227
2025-05-19T18:44:54.391570,-0.00733038317412138,0.0012217304902151227,0.00366519158706069
2025-05-19T18:44:54.555123,-0.004886921960860491,-0.0024434609804302454,0.0012217304902151227
2025-05-19T18:44:54.715968,-0.03176499158143997,-0.025656340643763542,-0.02687807008624077
2025-05-19T18:44:54.875930,-0.00366519158706069,0.02076941914856434,0.01710422709584236
2025-05-19T18:44:55.036330,-0.05375614017248154,-0.08674286305904388,-0.09285151958465576
2025-05-19T18:44:55.194907,0.0354301854968071,0.00733038317412138,0.03787364438176155
2025-05-19T18:44:55.356198,-0.0403171069920063,0.01710422709584236,-0.021991148591041565
2025-05-19T18:44:55.516167,-0.015882495790719986,0.030543262138962746,-0.0024434609804302454
2025-05-19T18:44:55.676616,0.02321287989616394,-0.02687807008624077,0.01466076634824276
2025-05-19T18:44:55.836965,0.04153883829712868,-0.025656340643763542,-0.00855211354792118
2025-05-19T18:44:55.996407,-0.024434609338641167,-0.004886921960860491,-0.021991148591041565
2025-05-19T18:44:56.147889,-0.009773843921720982,-0.028099801391363144,-0.012217304669320583
2025-05-19T18:44:56.316509,-0.08307767659425735,0.03298672288656235,0.00733038317412138
2025-05-19T18:44:56.477835,0.01466076634824276,0.013439035043120384,-0.019547687843441963
2025-05-19T18:44:56.637164,-0.018325956538319588,0.02687807008624077,-0.00733038317412138
2025-05-19T18:44:56.798261,0.0024434609804302454,-0.00366519158706069,-0.0024434609804302454
2025-05-19T18:44:56.958150,0.06230825558304787,-0.018325956538319588,-0.0024434609804302454
2025-05-19T18:44:57.117253,0.01466076634824276,-0.006108652334660292,-0.01710422709584236
2025-05-19T18:44:57.274865,-0.0024434609804302454,-0.01466076634824276,-0.019547687843441963
2025-05-19T18:44:57.438961,-0.00855211354792118,0.0024434609804302454,-0.00733038317412138
2025-05-19T18:44:57.597075,0.01466076634824276,0.024434609338641167,0.02321287989616394
2025-05-19T18:44:57.757196,0.010995574295520782,-0.042760565876960754,-0.004886921960860491
2025-05-19T18:44:57.918323,0.03176499158143997,-0.02076941914856434,0.00855211354792118
2025-05-19T18:44:58.076806,0.0,-0.010995574295520782,-0.00733038317412138
2025-05-19T18:44:58.238304,-0.015882495790719986,0.0024434609804302454,-0.009773843921720982
2025-05-19T18:44:58.399043,0.010995574295520782,-0.00733038317412138,0.015882495790719986
2025-05-19T18:44:58.559502,-0.021991148591041565,0.00366519158706069,-0.0024434609804302454
2025-05-19T18:44:58.719502,0.004886921960860491,-0.0024434609804302454,0.00366519158706069
2025-05-19T18:44:58.880697,-0.010995574295520782,0.013439035043120384,0.006108652334660292
2025-05-19T18:44:59.037784,0.006108652334660292,-0.006108652334660292,0.0012217304902151227
2025-05-19T18:44:59.197272,0.006108652334660292,-0.0024434609804302454,0.0012217304902151227
2025-05-19T18:44:59.359632,0.0,0.0,-0.006108652334660292
2025-05-19T18:44:59.520072,0.0024434609804302454,-0.004886921960860491,-0.00366519158706069
2025-05-19T18:44:59.679154,0.0012217304902151227,0.004886921960860491,0.0
2025-05-19T18:44:59.839388,0.006108652334660292,-0.018325956538319588,-0.00366519158706069
2025-05-19T18:44:59.998879,0.00366519158706069,-0.03420845419168472,-0.009773843921720982
2025-05-19T18:45:00.161654,0.004886921960860491,-0.0012217304902151227,0.0
2025-05-19T18:45:00.318545,0.0024434609804302454,-0.015882495790719986,0.0
2025-05-19T18:45:00.480493,-0.018325956538319588,0.018325956538319588,0.004886921960860491
2025-05-19T18:45:00.643739,-0.015882495790719986,0.009773843921720982,-0.00366519158706069
2025-05-19T18:45:00.802506,0.00366519158706069,-0.0024434609804302454,0.004886921960860491
2025-05-19T18:45:00.958639,0.015882495790719986,-0.018325956538319588,-0.006108652334660292
2025-05-19T18:45:01.120147,0.0012217304902151227,-0.00733038317412138,-0.00733038317412138
2025-05-19T18:45:01.281464,-0.013439035043120384,0.024434609338641167,0.0
2025-05-19T18:45:01.439118,-0.00733038317412138,0.00733038317412138,0.0
2025-05-19T18:45:01.600890,0.015882495790719986,-0.018325956538319588,-0.00855211354792118
2025-05-19T18:45:01.763040,0.02321287989616394,-0.013439035043120384,-0.004886921960860491
2025-05-19T18:45:01.922906,0.01466076634824276,0.006108652334660292,0.012217304669320583
2025-05-19T18:45:02.082228,-0.00366519158706069,0.00366519158706069,-0.0024434609804302454
2025-05-19T18:45:02.242495,0.004886921960860491,0.00733038317412138,0.012217304669320583
2025-05-19T18:45:02.401177,0.0012217304902151227,0.010995574295520782,0.0
2025-05-19T18:45:02.560459,0.00855211354792118,-0.013439035043120384,-0.01710422709584236
2025-05-19T18:45:02.723068,-0.03298672288656235,0.006108652334660292,-0.01710422709584236
2025-05-19T18:45:02.882520,-0.012217304669320583,-0.0024434609804302454,0.0
2025-05-19T18:45:03.043716,0.00733038317412138,-0.00733038317412138,-0.00855211354792118
2025-05-19T18:45:03.202286,0.009773843921720982,0.0012217304902151227,0.00366519158706069
2025-05-19T18:45:03.364195,0.02932153269648552,-0.012217304669320583,0.010995574295520782
2025-05-19T18:45:03.523232,0.019547687843441963,-0.00733038317412138,-0.012217304669320583
2025-05-19T18:45:03.683163,-0.00366519158706069,-0.004886921960860491,0.0
2025-05-19T18:45:03.843675,0.036651913076639175,-0.036651913076639175,-0.010995574295520782
2025-05-19T18:45:04.007663,0.013439035043120384,-0.010995574295520782,0.0012217304902151227
2025-05-19T18:45:04.165422,-0.004886921960860491,0.0024434609804302454,-0.0012217304902151227
2025-05-19T18:45:04.327116,0.004886921960860491,0.006108652334660292,-0.02076941914856434
2025-05-19T18:45:04.484767,0.015882495790719986,-0.00733038317412138,-0.012217304669320583
2025-05-19T18:45:04.646258,0.036651913076639175,-0.021991148591041565,0.00366519158706069
2025-05-19T18:45:04.803271,0.010995574295520782,-0.009773843921720982,0.015882495790719986
2025-05-19T18:45:04.964992,-0.010995574295520782,0.012217304669320583,0.010995574295520782
2025-05-19T18:45:05.123709,-0.01710422709584236,0.012217304669320583,0.010995574295520782
2025-05-19T18:45:05.284639,0.013439035043120384,-0.025656340643763542,0.010995574295520782
2025-05-19T18:45:05.445082,0.0012217304902151227,-0.01466076634824276,0.004886921960860491
2025-05-19T18:45:05.605922,0.00366519158706069,0.0024434609804302454,0.009773843921720982
2025-05-19T18:45:05.766749,-0.013439035043120384,0.015882495790719986,0.009773843921720982
2025-05-19T18:45:05.924277,-0.00366519158706069,-0.00855211354792118,-0.006108652334660292
2025-05-19T18:45:06.086295,0.0012217304902151227,0.00733038317412138,0.0
2025-05-19T18:45:06.245367,-0.0012217304902151227,-0.0024434609804302454,0.00733038317412138
2025-05-19T18:45:06.405139,0.019547687843441963,-0.021991148591041565,-0.01710422709584236
2025-05-19T18:45:06.567250,-0.0024434609804302454,0.00855211354792118,-0.00855211354792118
2025-05-19T18:45:06.725408,0.009773843921720982,0.0024434609804302454,0.006108652334660292
2025-05-19T18:45:06.886775,0.015882495790719986,-0.015882495790719986,0.0012217304902151227
2025-05-19T18:45:07.047064,0.00733038317412138,-0.01466076634824276,-0.004886921960860491
2025-05-19T18:45:07.206713,0.012217304669320583,-0.009773843921720982,-0.0012217304902151227
2025-05-19T18:45:07.367352,0.006108652334660292,-0.013439035043120384,-0.006108652334660292
2025-05-19T18:45:07.523687,0.025656340643763542,-0.02932153269648552,-0.010995574295520782
2025-05-19T18:45:07.686864,-0.0012217304902151227,-0.00366519158706069,-0.0012217304902151227
2025-05-19T18:45:07.846774,0.0024434609804302454,0.0,-0.0024434609804302454
2025-05-19T18:45:08.006924,-0.006108652334660292,0.004886921960860491,-0.004886921960860491
2025-05-19T18:45:08.168099,0.030543262138962746,-0.013439035043120384,-0.00733038317412138
2025-05-19T18:45:08.327635,0.00366519158706069,0.03298672288656235,0.024434609338641167
2025-05-19T18:45:08.486869,-0.004886921960860491,0.0,0.0024434609804302454
2025-05-19T18:45:08.646350,0.004886921960860491,-0.012217304669320583,0.01710422709584236
2025-05-19T18:45:08.807976,-0.02321287989616394,0.0354301854968071,0.01466076634824276
2025-05-19T18:45:08.966893,0.006108652334660292,-0.01466076634824276,0.0
2025-05-19T18:45:09.129640,-0.010995574295520782,0.02321287989616394,-0.012217304669320583
2025-05-19T18:45:09.285900,0.030543262138962746,-0.05619960278272629,-0.05375614017248154
2025-05-19T18:45:09.446930,0.042760565876960754,-0.039095375686883926,-0.006108652334660292
2025-05-19T18:45:09.608787,-0.01466076634824276,-0.004886921960860491,-0.021991148591041565
2025-05-19T18:45:09.770265,-0.02076941914856434,0.018325956538319588,-0.00366519158706069
2025-05-19T18:45:09.927319,0.004886921960860491,-0.02076941914856434,-0.01466076634824276
2025-05-19T18:45:10.090836,0.006108652334660292,-0.02321287989616394,-0.018325956538319588
2025-05-19T18:45:10.250175,0.012217304669320583,-0.042760565876960754,-0.02321287989616394
2025-05-19T18:45:10.409799,0.01710422709584236,-0.024434609338641167,0.00733038317412138
2025-05-19T18:45:10.568854,-0.0012217304902151227,-0.00733038317412138,-0.01466076634824276
2025-05-19T18:45:10.729582,0.0,0.006108652334660292,0.0024434609804302454
2025-05-19T18:45:10.890810,0.021991148591041565,-0.004886921960860491,0.00733038317412138
2025-05-19T18:45:11.050057,0.013439035043120384,-0.009773843921720982,-0.00366519158706069
2025-05-19T18:45:11.210928,0.00366519158706069,-0.004886921960860491,-0.00366519158706069
2025-05-19T18:45:11.371639,-0.006108652334660292,0.00733038317412138,0.006108652334660292
2025-05-19T18:45:11.531029,0.00855211354792118,0.00366519158706069,0.00366519158706069
2025-05-19T18:45:11.691581,0.010995574295520782,-0.01710422709584236,-0.0024434609804302454
2025-05-19T18:45:11.852414,0.02687807008624077,-0.015882495790719986,0.004886921960860491
2025-05-19T18:45:12.011523,0.0,-0.00366519158706069,-0.004886921960860491
2025-05-19T18:45:12.170515,-0.00366519158706069,0.006108652334660292,0.006108652334660292
2025-05-19T18:45:12.330911,0.012217304669320583,-0.015882495790719986,-0.006108652334660292
2025-05-19T18:45:12.491017,0.02687807008624077,-0.030543262138962746,-0.00855211354792118
2025-05-19T18:45:12.653252,0.01710422709584236,-0.025656340643763542,0.0
2025-05-19T18:45:12.812739,0.009773843921720982,-0.004886921960860491,0.009773843921720982
2025-05-19T18:45:12.973330,-0.00733038317412138,0.010995574295520782,0.00733038317412138
2025-05-19T18:45:13.133912,-0.02321287989616394,0.03298672288656235,0.0012217304902151227
2025-05-19T18:45:13.292154,0.004886921960860491,-0.00733038317412138,0.009773843921720982
2025-05-19T18:45:13.453008,0.0024434609804302454,0.004886921960860491,0.012217304669320583
2025-05-19T18:45:13.612117,-0.012217304669320583,0.019547687843441963,0.00733038317412138
2025-05-19T18:45:13.773926,0.019547687843441963,-0.00733038317412138,0.006108652334660292
2025-05-19T18:45:13.931663,0.0024434609804302454,-0.00733038317412138,0.0012217304902151227
2025-05-19T18:45:14.092955,-0.02076941914856434,0.004886921960860491,-0.009773843921720982
2025-05-19T18:45:14.249496,0.00855211354792118,-0.00855211354792118,0.0012217304902151227
2025-05-19T18:45:14.412558,0.010995574295520782,-0.019547687843441963,-0.00733038317412138
2025-05-19T18:45:14.575381,0.00733038317412138,-0.00366519158706069,0.0012217304902151227
2025-05-19T18:45:14.737238,0.02076941914856434,-0.03420845419168472,0.00855211354792118
2025-05-19T18:45:14.893823,-0.0354301854968071,0.00855211354792118,0.006108652334660292
2025-05-19T18:45:15.053241,0.010995574295520782,-0.028099801391363144,0.0012217304902151227
2025-05-19T18:45:15.215134,0.02932153269648552,-0.042760565876960754,0.0024434609804302454
2025-05-19T18:45:15.374854,0.05742133408784866,-0.02932153269648552,0.010995574295520782
2025-05-19T18:45:15.536574,0.03420845419168472,-0.0024434609804302454,-0.010995574295520782
2025-05-19T18:45:15.694632,0.14538592100143433,-0.05742133408784866,0.024434609338641167
2025-05-19T18:45:15.857111,-0.03298672288656235,0.04153883829712868,0.12461651116609573
2025-05-19T18:45:16.007421,-0.2590068578720093,-0.05742133408784866,-0.021991148591041565
2025-05-19T18:45:16.174519,-0.18448130786418915,0.13805554807186127,0.12461651116609573
2025-05-19T18:45:16.335960,0.0012217304902151227,0.02076941914856434,0.04153883829712868
2025-05-19T18:45:16.494464,0.04153883829712868,-0.021991148591041565,-0.015882495790719986
2025-05-19T18:45:16.655306,-0.0659734457731247,0.21991148591041565,0.010995574295520782
2025-05-19T18:45:16.816725,-0.07330382615327835,0.08429940044879913,-0.12950342893600464
2025-05-19T18:45:16.976749,-0.13561208546161652,0.10873401165008545,-0.26511552929878235
2025-05-19T18:45:17.131347,0.1417207419872284,0.04642575979232788,-0.3885102868080139
2025-05-19T18:45:17.297289,-0.1771509200334549,0.2968805134296417,-0.6133087277412415
2025-05-19T18:45:17.457958,-0.6719517707824707,0.10506882518529892,0.0024434609804302454
2025-05-19T18:45:17.618031,-0.10018189996480942,-0.1111774742603302,-0.11850785464048386
2025-05-19T18:45:17.775427,-0.7257078886032104,0.10873401165008545,0.17470745742321014
2025-05-19T18:45:17.938434,-1.7018705606460571,0.39706242084503174,-0.40194934606552124
2025-05-19T18:45:18.098333,-0.836885392665863,1.1044443845748901,-0.2223549485206604
2025-05-19T18:45:18.258611,-0.9529497623443604,0.5363397002220154,0.2724458873271942
2025-05-19T18:45:18.417278,0.3604104816913605,-0.3445279896259308,0.9749409556388855
2025-05-19T18:45:18.579973,0.5815436840057373,0.021991148591041565,0.8210029006004333
2025-05-19T18:45:18.738696,0.36163222789764404,0.3799581825733185,1.026253581047058
2025-05-19T18:45:18.898447,-0.6035348773002625,0.21624629199504852,0.10018189996480942
2025-05-19T18:45:19.058681,-3.363424062728882,-0.12828169763088226,-0.00366519158706069
2025-05-19T18:45:19.217512,-0.6475171446800232,0.3384193480014801,-0.2932153046131134
2025-05-19T18:45:19.379735,-0.4043927788734436,0.10751228034496307,0.5974262356758118
2025-05-19T18:45:19.538221,-0.36651915311813354,0.5473352670669556,0.24678955972194672
2025-05-19T18:45:19.698084,0.5632177591323853,0.21991148591041565,0.1820378452539444
2025-05-19T18:45:19.859542,0.5937610268592834,-0.34697145223617554,0.15271630883216858
2025-05-19T18:45:20.018810,-0.09529497474431992,-0.4056145250797272,-0.02321287989616394
2025-05-19T18:45:20.168367,-1.2229522466659546,-0.6377432942390442,0.1514945775270462
2025-05-19T18:45:20.338579,0.5412266254425049,-0.6939429044723511,0.06108652427792549
2025-05-19T18:45:20.499208,1.0103710889816284,-0.9590584635734558,0.5302310585975647
2025-05-19T18:45:20.659344,0.30054569244384766,-0.9346238374710083,-0.11484266817569733
2025-05-19T18:45:20.819553,-1.7287486791610718,0.0,-0.251676470041275
2025-05-19T18:45:20.977030,-0.5363397002220154,0.5314527750015259,-0.051312681287527084
2025-05-19T18:45:21.140165,1.6420058012008667,0.4544837474822998,-0.3139847218990326
2025-05-19T18:45:21.299707,0.21013765037059784,0.6438519954681396,0.17837265133857727
2025-05-19T18:45:21.459971,-0.4129449129104614,0.3396410644054413,0.17837265133857727
2025-05-19T18:45:21.620509,0.28588494658470154,-1.4782938957214355,-0.40194934606552124
2025-05-19T18:45:21.781666,-0.2883284091949463,-1.4953981637954712,0.051312681287527084
2025-05-19T18:45:21.941476,-0.1368338167667389,-0.6108652353286743,0.3029891550540924
2025-05-19T18:45:22.098804,1.0421360731124878,-0.40683624148368835,-0.1270599663257599
2025-05-19T18:45:22.262167,-0.950506329536438,-0.2968805134296417,0.16982053220272064
2025-05-19T18:45:22.421377,-1.236391305923462,-0.3139847218990326,-0.27122417092323303
2025-05-19T18:45:22.582058,0.06475171446800232,0.1771509200334549,-0.0806342139840126
2025-05-19T18:45:22.741335,0.4337143301963806,0.36651915311813354,-0.10018189996480942
2025-05-19T18:45:22.901898,-0.19792033731937408,1.1020009517669678,0.03420845419168472
2025-05-19T18:45:23.061813,-0.06352998316287994,0.24923302233219147,0.0354301854968071
2025-05-19T18:45:23.220703,0.7611380815505981,-0.44593164324760437,-0.10262536257505417
2025-05-19T18:45:23.382622,0.27122417092323303,-0.9834930300712585,-0.03298672288656235
2025-05-19T18:45:23.541808,0.9761626720428467,-0.799011766910553,-0.15515977144241333
2025-05-19T18:45:23.703328,0.26633724570274353,-0.3066543638706207,0.10873401165008545
2025-05-19T18:45:23.863269,0.1661553531885147,0.1869247704744339,0.06719517707824707
2025-05-19T18:45:24.021101,-0.3885102868080139,0.025656340643763542,0.26145032048225403
2025-05-19T18:45:24.182625,-1.0128145217895508,0.4202753007411957,0.03298672288656235
2025-05-19T18:45:24.342530,-0.5497786998748779,0.39217549562454224,0.11850785464048386
2025-05-19T18:45:24.503670,0.042760565876960754,0.27488934993743896,-0.06475171446800232
2025-05-19T18:45:24.663120,-0.06475171446800232,0.19425514340400696,-0.01466076634824276
2025-05-19T18:45:24.824093,-0.20525072515010834,0.0806342139840126,-0.04642575979232788
2025-05-19T18:45:24.984615,-0.2834414839744568,-0.006108652334660292,-0.006108652334660292
2025-05-19T18:45:25.143646,0.036651913076639175,-0.018325956538319588,-0.16249015927314758
2025-05-19T18:45:25.303024,0.5057964324951172,-0.23579397797584534,-0.2028072625398636
2025-05-19T18:45:25.465056,0.5302310585975647,-0.02321287989616394,0.0354301854968071
2025-05-19T18:45:25.624910,0.4948008358478546,-0.2028072625398636,0.27488934993743896
2025-05-19T18:45:25.785204,0.06475171446800232,-0.16371189057826996,0.05742133408784866
2025-05-19T18:45:25.942402,0.19058994948863983,-0.13439035415649414,0.013439035043120384
2025-05-19T18:45:26.105313,0.24434609711170197,-0.00733038317412138,0.019547687843441963
2025-05-19T18:45:26.264045,-0.1722639948129654,0.04642575979232788,-0.00733038317412138
2025-05-19T18:45:26.426661,-0.12828169763088226,0.021991148591041565,-0.012217304669320583
2025-05-19T18:45:26.585221,0.006108652334660292,-0.04764748737215996,-0.04642575979232788
2025-05-19T18:45:26.746470,-0.010995574295520782,-0.05375614017248154,-0.10018189996480942
2025-05-19T18:45:26.903719,-0.3897320330142975,0.19058994948863983,-0.009773843921720982
2025-05-19T18:45:27.065957,0.051312681287527084,0.03176499158143997,-0.1160643994808197
2025-05-19T18:45:27.226522,-0.06230825558304787,-0.015882495790719986,-0.1160643994808197
2025-05-19T18:45:27.386365,-0.01466076634824276,-0.02687807008624077,0.006108652334660292
2025-05-19T18:45:27.546969,0.04886921867728233,-0.01710422709584236,-0.004886921960860491
2025-05-19T18:45:27.701573,-0.05009094998240471,0.0659734457731247,0.024434609338641167
2025-05-19T18:45:27.866805,0.12339477986097336,0.045204028487205505,-0.14538592100143433
2025-05-19T18:45:28.026434,0.08185594528913498,-0.0708603709936142,0.042760565876960754
2025-05-19T18:45:28.186534,-0.4337143301963806,-0.2590068578720093,0.17348572611808777
2025-05-19T18:45:28.347739,-0.08429940044879913,-0.06719517707824707,-0.16859880089759827
2025-05-19T18:45:28.505310,-0.03176499158143997,0.09162978827953339,0.12950342893600464
2025-05-19T18:45:28.668535,0.1062905490398407,-0.025656340643763542,0.01466076634824276
2025-05-19T18:45:28.830052,-0.14905111491680145,0.09162978827953339,-0.02321287989616394
2025-05-19T18:45:28.988173,-0.5253441333770752,0.294437050819397,0.14782938361167908
2025-05-19T18:45:29.149783,0.27611109614372253,-0.04764748737215996,0.00366519158706069
2025-05-19T18:45:29.307989,0.12828169763088226,-0.49846604466438293,0.17837265133857727
2025-05-19T18:45:29.469446,0.31031954288482666,-0.20525072515010834,-0.010995574295520782
2025-05-19T18:45:29.630526,-0.019547687843441963,0.06108652427792549,0.16982053220272064
2025-05-19T18:45:29.780631,-0.28955012559890747,0.10751228034496307,0.02687807008624077
2025-05-19T18:45:29.946377,-0.22602014243602753,0.010995574295520782,-0.039095375686883926
2025-05-19T18:45:30.111091,-0.11850785464048386,-0.01710422709584236,-0.00733038317412138
2025-05-19T18:45:30.271163,-0.12950342893600464,0.14782938361167908,-0.07941248267889023
2025-05-19T18:45:30.431038,-0.09529497474431992,0.09040805697441101,0.024434609338641167
2025-05-19T18:45:30.591586,-0.22846360504627228,0.04642575979232788,-0.02321287989616394
2025-05-19T18:45:30.751386,-0.0354301854968071,-0.045204028487205505,-0.05497787147760391
2025-05-19T18:45:30.911511,0.06230825558304787,-0.13439035415649414,-0.0757472887635231
2025-05-19T18:45:31.071495,0.12095131725072861,-0.0806342139840126,-0.0354301854968071
2025-05-19T18:45:31.230350,0.02687807008624077,-0.05375614017248154,-0.02932153269648552
2025-05-19T18:45:31.397220,-0.004886921960860491,0.015882495790719986,-0.00733038317412138
2025-05-19T18:45:31.551425,-0.051312681287527084,0.01710422709584236,0.019547687843441963
2025-05-19T18:45:31.710636,0.03420845419168472,-0.012217304669320583,-0.015882495790719986
2025-05-19T18:45:31.871130,-0.019547687843441963,-0.00855211354792118,-0.025656340643763542
2025-05-19T18:45:32.034250,0.08796459436416626,0.0659734457731247,-0.00733038317412138
2025-05-19T18:45:32.193727,-0.03176499158143997,0.02932153269648552,0.036651913076639175
2025-05-19T18:45:32.349849,0.12217304855585098,-0.024434609338641167,0.01466076634824276
2025-05-19T18:45:32.513280,0.013439035043120384,-0.09773843735456467,-0.04764748737215996
2025-05-19T18:45:32.672278,0.1111774742603302,-0.18570303916931152,-0.0024434609804302454
2025-05-19T18:45:32.834656,-0.039095375686883926,-0.08918632566928864,0.028099801391363144
2025-05-19T18:45:32.991948,0.08429940044879913,-0.07941248267889023,0.019547687843441963
2025-05-19T18:45:33.154581,-0.013439035043120384,-0.04764748737215996,0.019547687843441963
2025-05-19T18:45:33.314982,-0.02076941914856434,0.02687807008624077,0.03420845419168472
2025-05-19T18:45:33.475108,-0.12217304855585098,0.08429940044879913,0.018325956538319588
2025-05-19T18:45:33.633648,-0.024434609338641167,0.06841690838336945,-0.036651913076639175
2025-05-19T18:45:33.794963,-0.02321287989616394,-0.0024434609804302454,0.05375614017248154
2025-05-19T18:45:33.954915,-0.10873401165008545,-0.03420845419168472,0.00855211354792118
2025-05-19T18:45:34.113715,-0.17348572611808777,-0.024434609338641167,-0.05864306539297104
2025-05-19T18:45:34.274652,-0.4178318381309509,-0.09285151958465576,-0.1466076523065567
2025-05-19T18:45:34.431444,-0.36163222789764404,-0.059864792972803116,0.16982053220272064
2025-05-19T18:45:34.597233,-0.25534167885780334,-0.036651913076639175,-0.036651913076639175
2025-05-19T18:45:34.756165,0.059864792972803116,0.01466076634824276,-0.1466076523065567
2025-05-19T18:45:34.914183,0.2736676335334778,0.06963863968849182,0.05864306539297104
2025-05-19T18:45:35.077228,-0.05742133408784866,0.06230825558304787,-0.08796459436416626
2025-05-19T18:45:35.234746,0.1563815027475357,0.0012217304902151227,-0.05864306539297104
2025-05-19T18:45:35.397640,0.2675589919090271,0.012217304669320583,0.04642575979232788
2025-05-19T18:45:35.557225,-0.051312681287527084,-0.015882495790719986,-0.05253441259264946
2025-05-19T18:45:35.718305,0.21991148591041565,0.00366519158706069,0.06963863968849182
2025-05-19T18:45:35.878489,0.06719517707824707,-0.021991148591041565,-0.05009094998240471
2025-05-19T18:45:36.037898,0.13927727937698364,0.012217304669320583,0.009773843921720982
2025-05-19T18:45:36.195684,0.08552113175392151,-0.07941248267889023,0.09162978827953339
2025-05-19T18:45:36.358003,-0.03176499158143997,-0.03298672288656235,0.04886921867728233
2025-05-19T18:45:36.518087,-0.09529497474431992,0.03176499158143997,-0.013439035043120384
2025-05-19T18:45:36.674997,0.07330382615327835,0.015882495790719986,-0.0403171069920063
2025-05-19T18:45:36.836560,0.18081611394882202,-0.07208210229873657,-0.05742133408784866
2025-05-19T18:45:36.999402,0.10262536257505417,-0.09285151958465576,-0.021991148591041565
2025-05-19T18:45:37.158741,-0.09040805697441101,-0.03420845419168472,0.010995574295520782
2025-05-19T18:45:37.316755,-0.20036379992961884,0.13072516024112701,-0.006108652334660292
2025-05-19T18:45:37.477941,-0.16737708449363708,0.08429940044879913,0.05009094998240471
2025-05-19T18:45:37.627325,-0.051312681287527084,0.09651670604944229,0.07941248267889023
2025-05-19T18:45:37.798323,-0.06230825558304787,0.15760323405265808,0.02932153269648552
2025-05-19T18:45:37.959368,-0.35185837745666504,-0.028099801391363144,-0.03420845419168472
2025-05-19T18:45:38.117862,0.03787364438176155,-0.09773843735456467,-0.02687807008624077
2025-05-19T18:45:38.278812,0.2370157092809677,-0.08552113175392151,-0.02321287989616394
2025-05-19T18:45:38.438006,0.08674286305904388,-0.06230825558304787,-0.03420845419168472
2025-05-19T18:45:38.599083,0.013439035043120384,-0.009773843921720982,-0.019547687843441963
2025-05-19T18:45:38.758500,0.11239920556545258,0.05619960278272629,0.02076941914856434
2025-05-19T18:45:38.918723,-0.059864792972803116,0.039095375686883926,-0.025656340643763542
2025-05-19T18:45:39.080083,-0.08552113175392151,0.019547687843441963,0.018325956538319588
2025-05-19T18:45:39.238620,-0.013439035043120384,0.030543262138962746,0.04153883829712868
2025-05-19T18:45:39.399045,-0.08307767659425735,0.018325956538319588,0.05253441259264946
2025-05-19T18:45:39.558871,-0.3029891550540924,-0.05497787147760391,-0.059864792972803116
2025-05-19T18:45:39.719980,-0.1612684279680252,-0.13927727937698364,-0.07696902006864548
2025-05-19T18:45:39.880266,-0.11728613078594208,-0.09896016865968704,0.06230825558304787
2025-05-19T18:45:40.038735,0.04764748737215996,-0.16249015927314758,0.01710422709584236
2025-05-19T18:45:40.202397,0.1160643994808197,0.07941248267889023,-0.025656340643763542
2025-05-19T18:45:40.358441,0.02932153269648552,0.4386012554168701,0.09529497474431992
2025-05-19T18:45:40.520195,0.42271876335144043,0.09651670604944229,0.07208210229873657
2025-05-19T18:45:40.677683,0.40194934606552124,0.01466076634824276,0.12095131725072861
2025-05-19T18:45:40.838958,0.19547687470912933,-0.27611109614372253,-0.07696902006864548
2025-05-19T18:45:40.998559,0.48869219422340393,-0.7367035150527954,-0.18448130786418915
2025-05-19T18:45:41.152124,0.3799581825733185,-0.7073819637298584,-0.35185837745666504
2025-05-19T18:45:41.319087,0.15515977144241333,-0.7110471725463867,-0.10873401165008545
2025-05-19T18:45:41.479310,0.10751228034496307,-0.475253164768219,0.2321287989616394
2025-05-19T18:45:41.639532,0.20891591906547546,-0.44837507605552673,0.11239920556545258
2025-05-19T18:45:41.802382,0.44715335965156555,-0.3836233615875244,0.16004669666290283
2025-05-19T18:45:41.958976,0.04398229718208313,0.06841690838336945,0.1612684279680252
2025-05-19T18:45:42.120051,-0.27611109614372253,-0.00733038317412138,0.006108652334660292
2025-05-19T18:45:42.278711,0.1771509200334549,0.20891591906547546,0.015882495790719986
2025-05-19T18:45:42.438556,-0.3078760802745819,0.45814892649650574,-0.08796459436416626
2025-05-19T18:45:42.598378,-0.29077184200286865,0.5949827432632446,-0.12461651116609573
2025-05-19T18:45:42.758144,0.21624629199504852,0.17104226350784302,-0.09040805697441101
2025-05-19T18:45:42.916891,0.09040805697441101,0.20036379992961884,0.1918116807937622
2025-05-19T18:45:43.079535,-0.6743952035903931,0.10506882518529892,-0.18570303916931152
2025-05-19T18:45:43.237925,-0.06719517707824707,-0.08796459436416626,-0.17470745742321014
2025-05-19T18:45:43.398505,0.2382374405860901,-0.3384193480014801,-0.2736676335334778
2025-05-19T18:45:43.559245,0.21624629199504852,-0.3090978264808655,-0.03176499158143997
2025-05-19T18:45:43.720461,0.2577851414680481,-0.27000242471694946,-0.02076941914856434
2025-05-19T18:45:43.880199,-0.970054030418396,0.02932153269648552,0.051312681287527084
2025-05-19T18:45:44.040280,-0.4495968222618103,-0.1820378452539444,0.019547687843441963
2025-05-19T18:45:44.199308,-1.0335839986801147,-0.1319468915462494,0.06841690838336945
2025-05-19T18:45:44.358438,0.04764748737215996,0.00733038317412138,0.024434609338641167
2025-05-19T18:45:44.519595,0.01710422709584236,-0.025656340643763542,-0.09651670604944229
2025-05-19T18:45:44.678315,0.09651670604944229,-0.04642575979232788,-0.05742133408784866
2025-05-19T18:45:44.836945,0.08674286305904388,0.015882495790719986,0.07452555745840073
2025-05-19T18:45:45.001852,0.19058994948863983,-0.05742133408784866,-0.09407325088977814
2025-05-19T18:45:45.159176,-0.09407325088977814,0.27611109614372253,0.2981022298336029
2025-05-19T18:45:45.321094,0.04642575979232788,0.02321287989616394,-0.27611109614372253
2025-05-19T18:45:45.480585,0.12095131725072861,0.0024434609804302454,0.06841690838336945
2025-05-19T18:45:45.641137,0.2370157092809677,-0.0708603709936142,0.018325956538319588
2025-05-19T18:45:45.799306,0.44593164324760437,0.0806342139840126,-0.14905111491680145
2025-05-19T18:45:45.963125,-0.22357667982578278,0.15271630883216858,0.1258382350206375
2025-05-19T18:45:46.120917,-0.07452555745840073,0.32009339332580566,0.27000242471694946
2025-05-19T18:45:46.281734,-0.2223549485206604,0.18081611394882202,0.13805554807186127
2025-05-19T18:45:46.440530,0.11362093687057495,-0.06963863968849182,0.09040805697441101
2025-05-19T18:45:46.599513,0.26022860407829285,-0.15882496535778046,0.0024434609804302454
2025-05-19T18:45:46.758967,0.08674286305904388,-0.20525072515010834,-0.0659734457731247
2025-05-19T18:45:46.921930,0.21991148591041565,-0.07941248267889023,-0.1258382350206375
2025-05-19T18:45:47.081156,0.3127630054950714,-0.294437050819397,-0.1417207419872284
2025-05-19T18:45:47.241917,0.04886921867728233,-0.10873401165008545,-0.045204028487205505
2025-05-19T18:45:47.401313,0.2064724564552307,-0.10384709388017654,0.00366519158706069
2025-05-19T18:45:47.560497,0.16371189057826996,-0.03420845419168472,0.02321287989616394
2025-05-19T18:45:47.722609,-0.14049901068210602,0.22602014243602753,0.13561208546161652
2025-05-19T18:45:47.879941,-0.1160643994808197,0.20891591906547546,0.07208210229873657
2025-05-19T18:45:48.041163,-0.01710422709584236,0.09285151958465576,0.006108652334660292
2025-05-19T18:45:48.203302,0.5167919993400574,0.34086281061172485,0.0659734457731247
2025-05-19T18:45:48.362504,0.32498031854629517,0.43737950921058655,0.26022860407829285
2025-05-19T18:45:48.523011,-0.05497787147760391,0.1722639948129654,0.16004669666290283
2025-05-19T18:45:48.683215,-0.394618958234787,0.11362093687057495,-0.06108652427792549
2025-05-19T18:45:48.843055,0.4105014503002167,0.3738495409488678,-0.04764748737215996
2025-05-19T18:45:49.002169,0.26633724570274353,0.7195992469787598,0.15027284622192383
2025-05-19T18:45:49.163206,0.6328563690185547,-0.21624629199504852,-0.4251621961593628
2025-05-19T18:45:49.322485,0.5119050741195679,-0.05742133408784866,-0.20402899384498596
2025-05-19T18:45:49.483368,0.28466320037841797,-0.5839871764183044,0.0757472887635231
2025-05-19T18:45:49.642935,1.0531316995620728,-0.5534439086914062,0.18936823308467865
2025-05-19T18:45:49.801845,-0.37140607833862305,0.2675589919090271,0.019547687843441963
2025-05-19T18:45:49.962262,-0.8576548099517822,0.33719760179519653,-0.07941248267889023
2025-05-19T18:45:50.111278,-0.4801400899887085,0.38728857040405273,-0.07208210229873657
2025-05-19T18:45:50.282861,-0.1514945775270462,0.27488934993743896,0.015882495790719986
2025-05-19T18:45:50.441504,-0.23090706765651703,0.08429940044879913,-0.09651670604944229
2025-05-19T18:45:50.595435,0.09529497474431992,-0.04153883829712868,0.09040805697441101
2025-05-19T18:45:50.763139,0.17959438264369965,-0.23579397797584534,0.02321287989616394
2025-05-19T18:45:50.923369,-0.013439035043120384,-0.10384709388017654,0.00366519158706069
2025-05-19T18:45:51.077686,0.00733038317412138,0.05497787147760391,0.02321287989616394
2025-05-19T18:45:51.241731,-0.018325956538319588,0.12461651116609573,-0.09651670604944229
2025-05-19T18:45:51.402723,-0.3029891550540924,0.13072516024112701,0.09040805697441101
2025-05-19T18:45:51.563271,-0.14782938361167908,0.07819075137376785,0.02076941914856434
2025-05-19T18:45:51.722508,-0.15393804013729095,0.03298672288656235,-0.051312681287527084
2025-05-19T18:45:51.883120,0.08918632566928864,-0.14538592100143433,-0.03787364438176155
2025-05-19T18:45:52.043132,0.26145032048225403,-0.12828169763088226,0.07696902006864548
2025-05-19T18:45:52.203354,0.10384709388017654,-0.21502456068992615,-0.024434609338641167
2025-05-19T18:45:52.360553,0.039095375686883926,-0.18814650177955627,0.14538592100143433
2025-05-19T18:45:52.523416,-0.0354301854968071,-0.10506882518529892,-0.01710422709584236
2025-05-19T18:45:52.681159,-0.18570303916931152,-0.012217304669320583,-0.04153883829712868
2025-05-19T18:45:52.839957,-0.608421802520752,0.05009094998240471,0.08429940044879913
2025-05-19T18:45:52.996272,-0.5021312236785889,-0.07941248267889023,-0.042760565876960754
2025-05-19T18:45:53.161024,0.010995574295520782,-0.04886921867728233,0.02932153269648552
2025-05-19T18:45:53.321688,-0.09162978827953339,0.019547687843441963,-0.13927727937698364
2025-05-19T18:45:53.481032,0.45692721009254456,-0.04398229718208313,-0.13927727937698364
2025-05-19T18:45:53.642164,0.34208452701568604,0.0403171069920063,0.051312681287527084
2025-05-19T18:45:53.802469,-0.019547687843441963,-0.04642575979232788,-0.11362093687057495
2025-05-19T18:45:53.962827,-0.11972958594560623,0.14294247329235077,0.051312681287527084
2025-05-19T18:45:54.118165,-0.08796459436416626,0.036651913076639175,0.0012217304902151227
2025-05-19T18:45:54.280040,0.02321287989616394,-0.00855211354792118,0.07941248267889023
2025-05-19T18:45:54.438429,0.02932153269648552,0.00733038317412138,0.01710422709584236
2025-05-19T18:45:54.594338,0.012217304669320583,0.0012217304902151227,0.006108652334660292
2025-05-19T18:45:54.757699,-0.04398229718208313,0.05009094998240471,-0.00855211354792118
2025-05-19T18:45:54.918779,0.021991148591041565,0.00855211354792118,-0.00733038317412138
2025-05-19T18:45:55.078688,-0.18081611394882202,-0.03298672288656235,0.00366519158706069
2025-05-19T18:45:55.239197,0.5216789245605469,-0.0708603709936142,0.17348572611808777
2025-05-19T18:45:55.396402,-0.07819075137376785,0.12095131725072861,0.09773843735456467
2025-05-19T18:45:55.558515,0.18081611394882202,-0.46547931432724,-0.39584067463874817
2025-05-19T18:45:55.716907,0.05864306539297104,-0.6023131608963013,-0.3090978264808655
2025-05-19T18:45:55.877531,0.8698720932006836,-1.3683381080627441,-0.04642575979232788
2025-05-19T18:45:56.036521,0.6401867866516113,-1.4001030921936035,0.00366519158706069
2025-05-19T18:45:56.197778,0.6340781450271606,-1.2608258724212646,-0.38117989897727966
2025-05-19T18:45:56.357993,2.685363531112671,-2.8796188831329346,2.76111102104187
2025-05-19T18:45:56.516558,2.585181713104248,-2.517986536026001,4.461759567260742
2025-05-19T18:45:56.676428,-0.04886921867728233,-2.0916025638580322,1.8875735998153687
2025-05-19T18:45:56.838403,-0.6939429044723511,-1.5833626985549927,-1.2852604389190674
2025-05-19T18:45:56.999249,0.1258382350206375,0.025656340643763542,-1.0286970138549805
2025-05-19T18:45:57.159385,-0.8038986921310425,1.1410962343215942,-1.6615535020828247
2025-05-19T18:45:57.314906,-0.2272418737411499,1.303586483001709,-1.5125023126602173
2025-05-19T18:45:57.476634,-0.045204028487205505,0.7538077235221863,0.0024434609804302454
2025-05-19T18:45:57.637949,-0.028099801391363144,0.5241223573684692,-0.3579670190811157
2025-05-19T18:45:57.796637,0.1612684279680252,0.7452555894851685,-0.3384193480014801
2025-05-19T18:45:57.954844,-0.16371189057826996,0.8124507665634155,-0.8258898258209229
2025-05-19T18:45:58.114987,-0.8026769161224365,1.036027431488037,-0.6389650702476501
2025-05-19T18:45:58.275064,0.5607742667198181,0.13316862285137177,-0.37751471996307373
2025-05-19T18:45:58.435591,-0.7452555894851685,-0.384845107793808,-0.96883225440979
2025-05-19T18:45:58.594734,-0.12461651116609573,-0.8662069439888,-2.930931329727173
2025-05-19T18:45:58.755057,-4.422664165496826,-0.16982053220272064,-2.4165828227996826
2025-05-19T18:45:58.913423,-0.08429940044879913,1.370781660079956,-1.7165313959121704
2025-05-19T18:45:59.075015,0.16371189057826996,-0.12828169763088226,0.6255260109901428
2025-05-19T18:45:59.234065,-0.019547687843441963,-0.31154128909111023,0.7562511563301086
2025-05-19T18:45:59.393848,0.45692721009254456,-0.3335324227809906,0.7684684991836548
2025-05-19T18:45:59.553716,-0.17837265133857727,0.19303341209888458,-0.6108652353286743
2025-05-19T18:45:59.714345,-0.6621779203414917,0.42760565876960754,-0.8356636762619019
2025-05-19T18:45:59.875997,-0.3982841372489929,0.06475171446800232,-0.14049901068210602
2025-05-19T18:46:00.032136,-0.14782938361167908,-0.039095375686883926,0.09773843735456467
2025-05-19T18:46:00.194591,0.08918632566928864,-0.11850785464048386,0.28099802136421204
2025-05-19T18:46:00.353834,0.27000242471694946,-0.11972958594560623,0.09040805697441101
2025-05-19T18:46:00.512595,0.16004669666290283,-0.06841690838336945,-0.06352998316287994
2025-05-19T18:46:00.674839,0.15393804013729095,-0.08185594528913498,-0.051312681287527084
2025-05-19T18:46:00.818573,0.04886921867728233,-0.019547687843441963,0.015882495790719986
2025-05-19T18:46:00.979309,-0.021991148591041565,0.01466076634824276,0.06963863968849182
2025-05-19T18:46:01.138072,-0.045204028487205505,0.03787364438176155,-0.07330382615327835
2025-05-19T18:46:01.296476,-0.11972958594560623,0.07208210229873657,-0.04642575979232788
2025-05-19T18:46:01.460261,-0.1062905490398407,0.0354301854968071,0.0012217304902151227
2025-05-19T18:46:01.620543,0.03298672288656235,-0.039095375686883926,0.004886921960860491
2025-05-19T18:46:01.778217,0.08552113175392151,0.02076941914856434,0.19914206862449646
2025-05-19T18:46:01.938219,0.06963863968849182,0.31520646810531616,1.2669345140457153
2025-05-19T18:46:02.103463,0.2528982162475586,0.1466076523065567,1.018923282623291
2025-05-19T18:46:02.260271,0.14905111491680145,-0.2528982162475586,-0.019547687843441963
2025-05-19T18:46:02.420736,-0.07208210229873657,0.0708603709936142,-1.6200146675109863
2025-05-19T18:46:02.581411,-0.21502456068992615,0.6010913848876953,-0.6866125464439392
2025-05-19T18:46:02.742164,1.2315043210983276,1.1545352935791016,3.2901201248168945
2025-05-19T18:46:02.901256,2.5387558937072754,1.9523253440856934,5.238780498504639
2025-05-19T18:46:03.057795,0.7061602473258972,0.9627236127853394,3.475823163986206
2025-05-19T18:46:03.221778,-1.4575244188308716,0.6023131608963013,0.37629300355911255
2025-05-19T18:46:03.381584,-3.9425241947174072,1.4440854787826538,1.3878858089447021
2025-05-19T18:46:03.539580,2.6621506214141846,-1.881464958190918,-0.636521577835083
2025-05-19T18:46:03.701273,-1.2986994981765747,-1.0677924156188965,0.6475171446800232
2025-05-19T18:46:03.858902,-0.2272418737411499,-0.2076941877603531,-0.0659734457731247
2025-05-19T18:46:04.020218,-0.2541199326515198,0.2223549485206604,0.04153883829712868
2025-05-19T18:46:04.180938,0.5705481171607971,0.6010913848876953,0.5619960427284241
2025-05-19T18:46:04.339012,0.14294247329235077,-0.5387831330299377,-0.05864306539297104
2025-05-19T18:46:04.499710,-0.24556782841682434,-0.04642575979232788,-0.1966986060142517
2025-05-19T18:46:04.661494,0.6621779203414917,1.0018190145492554,0.25045475363731384
2025-05-19T18:46:04.819112,-0.1661553531885147,-1.2608258724212646,-0.6731734871864319
2025-05-19T18:46:04.980776,0.8637634515762329,0.1661553531885147,0.4349360466003418
2025-05-19T18:46:05.139311,0.1258382350206375,-0.6487388610839844,-0.42760565876960754
2025-05-19T18:46:05.298597,-0.24190263450145721,0.1417207419872284,0.10506882518529892
2025-05-19T18:46:05.458906,-0.06352998316287994,-0.3543018400669098,-0.2480112910270691
2025-05-19T18:46:05.619603,-0.05864306539297104,0.05619960278272629,-0.1014036312699318
2025-05-19T18:46:05.759604,0.021991148591041565,0.12095131725072861,-0.07819075137376785
2025-05-19T18:46:05.919388,-0.042760565876960754,0.0806342139840126,-0.024434609338641167
2025-05-19T18:46:06.079476,-0.5216789245605469,0.2773328125476837,0.04764748737215996
2025-05-19T18:46:06.237761,-4.6547932624816895,2.37626576423645,0.5668829679489136
2025-05-19T18:46:06.399536,1.7055357694625854,-0.7440338730812073,0.6059783101081848
2025-05-19T18:46:06.554765,1.2009611129760742,-3.152064561843872,-0.46303585171699524
2025-05-19T18:46:06.719368,-2.5778512954711914,0.9993755221366882,0.0708603709936142
2025-05-19T18:46:06.878420,0.3799581825733185,-0.02321287989616394,-0.042760565876960754
2025-05-19T18:46:07.041433,-0.9272934198379517,0.46670106053352356,0.16493362188339233
2025-05-19T18:46:07.198948,0.5192354321479797,0.18936823308467865,-0.1820378452539444
2025-05-19T18:46:07.356524,-0.16371189057826996,0.2480112910270691,-0.12095131725072861
2025-05-19T18:46:07.518379,2.2516493797302246,1.187522053718567,0.3543018400669098
2025-05-19T18:46:07.679021,0.3640756905078888,-0.8772025108337402,-1.451415777206421
2025-05-19T18:46:07.830507,-0.6035348773002625,-0.807563841342926,1.1129964590072632
2025-05-19T18:46:07.998178,-1.673770785331726,-0.07696902006864548,-0.2321287989616394
2025-05-19T18:46:08.158617,-0.11850785464048386,-0.18448130786418915,-0.27488934993743896
2025-05-19T18:46:08.319360,0.006108652334660292,-0.7867944240570068,0.5143485069274902
2025-05-19T18:46:08.478485,0.35063666105270386,-1.205847978591919,0.23579397797584534
2025-05-19T18:46:08.638415,-1.0506882667541504,-0.6475171446800232,0.720820963382721
2025-05-19T18:46:08.797264,-0.6890559792518616,-1.1301007270812988,0.12828169763088226
2025-05-19T18:46:08.960299,-1.1948524713516235,-1.4624114036560059,0.22479841113090515
2025-05-19T18:46:09.118154,-0.4495968222618103,-1.4856243133544922,1.016479730606079
2025-05-19T18:46:09.277244,-0.6499606370925903,-0.797789990901947,0.8478809595108032
2025-05-19T18:46:09.435555,-1.1789699792861938,-0.28099802136421204,1.2767083644866943
2025-05-19T18:46:09.599958,-0.2687807083129883,-1.451415777206421,1.4550809860229492
2025-05-19T18:46:09.758649,-0.08552113175392151,-1.4844025373458862,1.3585642576217651
2025-05-19T18:46:09.914174,-0.2382374405860901,-0.608421802520752,0.004886921960860491
2025-05-19T18:46:10.079007,-0.2480112910270691,0.2076941877603531,-1.2705997228622437
2025-05-19T18:46:10.238733,0.6157521605491638,-0.21868975460529327,-2.498438835144043
2025-05-19T18:46:10.397731,-0.9896016716957092,0.4398229718208313,-1.7446311712265015
2025-05-19T18:46:10.560354,-0.6536257863044739,-0.42271876335144043,-1.5125023126602173
2025-05-19T18:46:10.719382,0.11728613078594208,-0.12095131725072861,-0.11728613078594208
2025-05-19T18:46:10.858609,-1.3536773920059204,0.06719517707824707,-0.10506882518529892
2025-05-19T18:46:11.021752,-1.4294246435165405,0.49357911944389343,-1.1337659358978271
2025-05-19T18:46:11.180098,-1.0677924156188965,1.1716395616531372,-1.4367550611495972
2025-05-19T18:46:11.340925,-2.098932981491089,1.6688838005065918,-0.10262536257505417
2025-05-19T18:46:11.501790,-0.8833111524581909,0.6633996367454529,-0.4386012554168701
2025-05-19T18:46:11.662554,1.19607412815094,-1.1447614431381226,-0.4434881806373596
2025-05-19T18:46:11.821382,1.6420058012008667,-0.29077184200286865,0.6157521605491638
2025-05-19T18:46:11.981540,1.5968017578125,-0.6059783101081848,0.8637634515762329
2025-05-19T18:46:12.143100,1.370781660079956,-0.4960225820541382,0.5448917746543884
2025-05-19T18:46:12.301995,0.025656340643763542,-0.3640756905078888,-0.19547687470912933
2025-05-19T18:46:12.460094,0.47280970215797424,-0.42638394236564636,-0.5290092825889587
2025-05-19T18:46:12.623561,-0.5253441333770752,-0.17959438264369965,0.00855211354792118
2025-05-19T18:46:12.780165,0.4153883755207062,-0.29565876722335815,0.11728613078594208
2025-05-19T18:46:12.943669,1.8643606901168823,-0.7745771408081055,0.7000515460968018
2025-05-19T18:46:13.101529,1.1227703094482422,-0.3445279896259308,1.832595705986023
2025-05-19T18:46:13.262957,1.06657075881958,-0.3176499307155609,0.979827880859375
2025-05-19T18:46:13.420927,0.5754350423812866,-0.9761626720428467,-0.5143485069274902
2025-05-19T18:46:13.583030,1.2376129627227783,-0.6096435189247131,0.019547687843441963
2025-05-19T18:46:13.740896,0.37751471996307373,-0.38117989897727966,0.22113321721553802
2025-05-19T18:46:13.901476,0.06963863968849182,-0.18570303916931152,-0.14538592100143433
2025-05-19T18:46:14.061743,0.675616979598999,-0.3543018400669098,-0.42149701714515686
2025-05-19T18:46:14.223031,0.6291912198066711,-0.9553932547569275,0.5180137157440186
2025-05-19T18:46:14.382489,-2.317622661590576,0.93095862865448,1.5369369983673096
2025-05-19T18:46:14.534579,1.8301522731781006,-0.48258355259895325,-0.3995058834552765
2025-05-19T18:46:14.701867,0.16737708449363708,0.1869247704744339,0.15760323405265808
2025-05-19T18:46:14.863028,0.2871066629886627,-0.4911356568336487,-0.1918116807937622
2025-05-19T18:46:15.021116,0.07452555745840073,0.50335294008255,-0.10995574295520782
2025-05-19T18:46:15.181058,0.32620203495025635,0.6511823534965515,0.6328563690185547
2025-05-19T18:46:15.340467,0.15271630883216858,0.6352998614311218,0.31520646810531616
2025-05-19T18:46:15.499396,1.6395623683929443,-0.49724429845809937,1.0140362977981567
2025-05-19T18:46:15.659278,-0.10506882518529892,-1.673770785331726,1.0702359676361084
2025-05-19T18:46:15.816722,-0.759916365146637,-1.4257594347000122,1.3439035415649414
2025-05-19T18:46:15.980158,0.3836233615875244,-1.2889256477355957,1.6126842498779297
2025-05-19T18:46:16.138494,1.4135421514511108,-0.5583308339118958,1.320690631866455
2025-05-19T18:46:16.297432,2.624277114868164,-0.7562511563301086,0.4764748811721802
2025-05-19T18:46:16.469567,0.7354817390441895,-1.1655309200286865,-0.6914994716644287
2025-05-19T18:46:16.611423,-0.1319468915462494,-1.4831807613372803,-0.3286454975605011
2025-05-19T18:46:16.767029,-1.6102408170700073,-1.4636331796646118,-1.1789699792861938
2025-05-19T18:46:16.935373,0.6817256212234497,-1.4624114036560059,0.17592918872833252
2025-05-19T18:46:17.086550,2.188119411468506,-1.4098769426345825,-0.36651915311813354
2025-05-19T18:46:17.246606,1.2424999475479126,0.2932153046131134,-0.9761626720428467
2025-05-19T18:46:17.409125,-1.4110987186431885,1.3439035415649414,0.1062905490398407
2025-05-19T18:46:17.569107,0.38240164518356323,-1.9999728202819824,-2.320066213607788
2025-05-19T18:46:17.726381,-1.2681562900543213,0.598647952079773,0.384845107793808
2025-05-19T18:46:17.900560,-0.7684684991836548,1.4734070301055908,-0.3677408695220947
2025-05-19T18:46:18.045544,0.7195992469787598,1.2803735733032227,-0.45204028487205505
2025-05-19T18:46:18.205322,1.6664403676986694,1.927890658378601,0.11484266817569733
2025-05-19T18:46:18.365357,6.256481647491455,0.7611380815505981,0.8026769161224365
2025-05-19T18:46:18.526055,-0.31520646810531616,-3.7922513484954834,2.155132532119751
2025-05-19T18:48:16.477767,0.21135938167572021,-0.045204028487205505,-0.4202753007411957
2025-05-19T18:48:16.571742,0.00855211354792118,0.030543262138962746,-0.0403171069920063
2025-05-19T18:48:44.857984,-0.00366519158706069,0.08307767659425735,0.03420845419168472
2025-05-19T18:48:44.879404,-0.2076941877603531,0.16982053220272064,0.09651670604944229
2025-05-19T18:48:45.038773,-0.059864792972803116,-0.08429940044879913,-0.012217304669320583
2025-05-19T18:48:45.199727,0.02932153269648552,-0.06230825558304787,0.35552358627319336
2025-05-19T18:48:45.358285,-0.7904596328735352,-0.2076941877603531,-0.08307767659425735
2025-05-19T18:48:45.518949,0.06963863968849182,0.35063666105270386,-0.1563815027475357
2025-05-19T18:48:45.678658,-0.7806857824325562,0.5241223573684692,-0.8649851679801941
2025-05-19T18:48:45.840297,-0.2272418737411499,-0.1722639948129654,-0.2687807083129883
2025-05-19T18:48:45.996599,-0.6499606370925903,-0.1722639948129654,-0.1368338167667389
2025-05-19T18:48:46.160746,0.50335294008255,-0.19058994948863983,-0.21624629199504852
2025-05-19T18:48:46.322524,0.9944885969161987,0.2724458873271942,0.7941248416900635
2025-05-19T18:48:46.480223,-1.547932505607605,-0.827111542224884,-0.0012217304902151227
2025-05-19T18:48:46.639702,-4.279721736907959,0.4495968222618103,1.1252137422561646
2025-05-19T18:48:46.799680,-2.0781636238098145,0.921184778213501,0.21502456068992615
2025-05-19T18:48:46.955084,0.46303585171699524,0.7098253965377808,0.4080579876899719
2025-05-20T18:14:20.136676,0.27122417092323303,-0.8295549750328064,-0.21868975460529327
2025-05-20T18:14:20.136929,-1.4379768371582031,-0.4703662395477295,-0.19914206862449646
2025-05-20T18:14:20.137030,-0.7721336483955383,-0.5766568183898926,0.11239920556545258
2025-05-20T18:14:20.137110,-1.7690657377243042,0.14538592100143433,-0.34697145223617554
2025-05-20T18:14:20.137180,-0.2223549485206604,0.5619960427284241,0.970054030418396
2025-05-20T18:14:20.137262,0.24556782841682434,0.5143485069274902,0.7061602473258972
2025-05-20T18:14:20.137349,1.4159855842590332,-0.2076941877603531,1.1606439352035522
2025-05-20T18:14:20.137420,0.3384193480014801,0.1966986060142517,0.20036379992961884
2025-05-20T18:14:20.137497,0.08674286305904388,-0.1417207419872284,0.10262536257505417
2025-05-20T18:14:20.137620,-0.24556782841682434,0.00855211354792118,-0.06841690838336945
2025-05-20T18:14:20.137699,-0.8038986921310425,0.18448130786418915,-0.26633724570274353
2025-05-20T18:14:20.137782,-0.8869763612747192,0.6389650702476501,-0.5180137157440186
2025-05-20T18:14:20.137860,-0.6976081132888794,0.1417207419872284,-0.5070181488990784
2025-05-20T18:14:20.137931,-3.121521472930908,0.7147123217582703,-0.17959438264369965
2025-05-20T18:14:20.138007,-2.8405234813690186,-0.8637634515762329,0.740368664264679
2025-05-20T18:14:20.138080,-1.2608258724212646,0.019547687843441963,0.28466320037841797
2025-05-20T18:14:20.138151,-0.6023131608963013,0.009773843921720982,0.15027284622192383
2025-05-20T18:14:20.138224,-0.6988298296928406,0.08552113175392151,0.10384709388017654
2025-05-20T18:14:20.138301,-0.3640756905078888,-0.08796459436416626,-0.004886921960860491
2025-05-20T18:14:20.138373,-0.00366519158706069,-0.05253441259264946,-0.09773843735456467
2025-05-20T18:14:20.138450,-0.01466076634824276,-0.2382374405860901,-0.0806342139840126
2025-05-20T18:14:20.138526,0.009773843921720982,-0.33719760179519653,-0.08307767659425735
2025-05-20T18:14:20.138598,0.21502456068992615,0.1014036312699318,0.00366519158706069
2025-05-20T18:14:20.138672,-0.06108652427792549,-0.10384709388017654,0.2431243658065796
2025-05-20T18:14:20.138750,-0.2528982162475586,-0.24556782841682434,0.779464066028595
2025-05-20T18:14:20.138821,-0.4386012554168701,0.02076941914856434,0.5204572081565857
2025-05-20T18:14:20.138897,-0.4153883755207062,-0.06841690838336945,-0.4862487316131592
2025-05-20T18:14:20.138969,-0.6707300543785095,0.004886921960860491,-0.8136724829673767
2025-05-20T18:14:20.139041,-0.32498031854629517,0.6902777552604675,-0.797789990901947
2025-05-20T18:14:20.139117,-0.5229006409645081,0.42149701714515686,-0.42271876335144043
2025-05-20T18:14:20.139195,-1.7776178121566772,-0.23457226157188416,0.13561208546161652
2025-05-20T18:14:20.139266,-3.623652696609497,-0.09407325088977814,0.5351179838180542
2025-05-20T18:14:20.139339,-2.5363125801086426,-0.42638394236564636,0.08552113175392151
2025-05-20T18:14:20.139413,-2.135584831237793,0.7831292152404785,0.024434609338641167
2025-05-20T18:14:20.139487,0.6633996367454529,1.4086552858352661,-0.6450737118721008
2025-05-20T18:14:20.139562,0.8442157506942749,1.1496484279632568,-0.30543261766433716
2025-05-20T18:14:20.139631,-0.17470745742321014,-0.9676105380058289,0.9175195693969727
2025-05-20T18:14:20.139707,0.9077457785606384,-1.0629055500030518,0.5448917746543884
2025-05-20T18:14:20.139782,-0.8246681094169617,-0.6682865619659424,0.5400048494338989
2025-05-20T18:14:20.139851,0.24678955972194672,0.09407325088977814,0.06963863968849182
2025-05-20T18:14:20.139925,0.30054569244384766,0.3982841372489929,0.0024434609804302454
2025-05-20T18:14:20.140001,-0.48258355259895325,0.5314527750015259,0.32498031854629517
2025-05-20T18:14:20.140073,-0.6230825781822205,-0.41661009192466736,0.19303341209888458
2025-05-20T18:14:20.140150,-0.5387831330299377,-0.18936823308467865,0.03420845419168472
2025-05-20T18:14:20.140228,-3.1642820835113525,-1.0714576244354248,-2.707354784011841
2025-05-20T18:14:20.140298,-7.556403160095215,-0.04642575979232788,-6.15385627746582
2025-05-20T18:14:20.140374,-0.4703662395477295,0.7073819637298584,-0.3188716471195221
2025-05-20T18:14:20.140453,-0.5900958180427551,0.4288274049758911,-1.665218710899353
2025-05-20T18:14:20.140524,3.0469958782196045,-2.426356792449951,3.3377676010131836
2025-05-20T18:14:20.140601,4.394564628601074,0.6145304441452026,4.543615818023682
2025-05-20T18:14:20.140679,0.2382374405860901,0.5791002511978149,1.1801916360855103
2025-05-20T18:14:20.140758,-2.797762870788574,-1.1117748022079468,-3.958406686782837
2025-05-20T18:14:20.140840,-4.844161510467529,1.9425514936447144,-2.6755897998809814
2025-05-20T18:14:20.140915,0.14294247329235077,0.5839871764183044,-0.039095375686883926
2025-05-20T18:14:20.140986,-0.1612684279680252,0.06108652427792549,-0.05864306539297104
2025-05-20T18:14:20.141061,-0.35552358627319336,0.15271630883216858,0.6976081132888794
2025-05-20T18:14:20.141148,-0.2541199326515198,0.2015855312347412,0.31154128909111023
2025-05-20T18:14:20.141219,0.09896016865968704,-0.5937610268592834,-0.16982053220272064
2025-05-20T18:14:20.141294,-0.807563841342926,-0.5619960427284241,-0.7073819637298584
2025-05-20T18:14:20.141366,-0.836885392665863,0.7440338730812073,-0.8576548099517822
2025-05-20T18:14:20.141437,-0.5913175344467163,0.2370157092809677,-1.2302825450897217
2025-05-20T18:14:20.141517,-0.8197811841964722,-0.7195992469787598,0.22357667982578278
2025-05-20T18:14:20.141710,-0.02321287989616394,0.028099801391363144,0.07208210229873657
2025-05-20T18:14:20.259843,-0.22968533635139465,-0.05742133408784866,-0.07330382615327835
2025-05-20T18:14:20.303283,-0.04153883829712868,-0.12828169763088226,-0.04153883829712868
2025-05-20T18:14:20.460882,0.03298672288656235,0.07941248267889023,-0.03787364438176155
2025-05-20T18:14:20.623518,0.1258382350206375,-0.03787364438176155,0.006108652334660292
2025-05-20T18:14:20.782456,0.7000515460968018,-0.15271630883216858,0.11728613078594208
2025-05-20T18:14:20.941282,-0.1514945775270462,0.0757472887635231,-0.08674286305904388
2025-05-20T18:14:21.102304,-0.6133087277412415,0.43249258399009705,0.08552113175392151
2025-05-20T18:14:21.262622,-0.7831292152404785,0.5070181488990784,0.2480112910270691
2025-05-20T18:14:21.423146,0.20525072515010834,0.2981022298336029,0.304210901260376
2025-05-20T18:14:21.581493,0.6731734871864319,0.9187413454055786,0.6817256212234497
2025-05-20T18:14:21.741644,-0.08307767659425735,0.7672467231750488,1.6994271278381348
2025-05-20T18:14:21.902540,-0.34086281061172485,0.1966986060142517,1.4611896276474
2025-05-20T18:14:22.061674,0.7330383062362671,1.8790215253829956,1.1435397863388062
2025-05-20T18:14:22.222663,1.1508700847625732,-2.1820106506347656,0.750142514705658
2025-05-20T18:14:22.383315,-0.26145032048225403,0.8943067193031311,0.4544837474822998
2025-05-20T18:14:22.548419,-0.1062905490398407,-0.006108652334660292,-0.31642818450927734
2025-05-20T18:14:22.705253,-0.10018189996480942,-1.1899654865264893,-0.3530801236629486
2025-05-20T18:14:22.872144,0.28466320037841797,0.3090978264808655,1.0787880420684814
2025-05-20T18:14:23.029275,0.23090706765651703,0.4349360466003418,0.28466320037841797
2025-05-20T18:14:23.186336,0.05742133408784866,0.39706242084503174,0.07452555745840073
2025-05-20T18:14:23.348697,-0.27000242471694946,-0.1319468915462494,0.04642575979232788
2025-05-20T18:14:23.510082,0.14905111491680145,-0.13561208546161652,-0.013439035043120384
2025-05-20T18:14:23.670423,0.05375614017248154,-0.039095375686883926,-0.00366519158706069
2025-05-20T18:14:23.818551,0.06475171446800232,-0.06719517707824707,0.018325956538319588
