2025-05-09T12:55:07.451782,0.03787364438176155,0.2125810980796814,0.20891591906547546
2025-05-09T12:55:07.610707,-0.11362093687057495,0.42638394236564636,0.1966986060142517
2025-05-09T12:55:07.771110,-0.2785545587539673,0.5852088928222656,0.5143485069274902
2025-05-09T12:55:07.930584,-0.5155702829360962,0.5510004758834839,0.7134906053543091
2025-05-09T12:55:08.088939,0.06963863968849182,0.5180137157440186,0.5815436840057373
2025-05-09T12:55:08.249058,-0.06719517707824707,0.1661553531885147,0.3885102868080139
2025-05-09T12:55:08.411498,0.12217304855585098,-0.036651913076639175,0.3237585723400116
2025-05-09T12:55:08.572038,0.0757472887635231,-0.05497787147760391,0.09040805697441101
2025-05-09T12:55:08.728735,-0.6035348773002625,-0.7965682744979858,-0.5839871764183044
2025-05-09T12:55:08.892043,-1.703092336654663,-2.956587791442871,-2.1258111000061035
2025-05-09T12:55:09.048922,-3.3121113777160645,-2.504547595977783,-2.3689353466033936
2025-05-09T12:55:09.211498,-4.4092254638671875,-0.24068090319633484,-0.2223549485206604
2025-05-09T12:55:09.366757,0.5717698931694031,0.02076941914856434,-0.14049901068210602
2025-05-09T12:55:09.564586,1.0775662660598755,-0.2431243658065796,0.5253441333770752
2025-05-09T12:55:09.687023,0.911410927772522,-0.12217304855585098,0.6450737118721008
2025-05-09T12:55:09.846981,0.2724458873271942,-0.49846604466438293,0.09529497474431992
2025-05-09T12:55:10.049907,0.9370672702789307,-0.19914206862449646,-0.05864306539297104
2025-05-09T12:55:10.166230,0.06352998316287994,0.09773843735456467,-0.20402899384498596
2025-05-09T12:55:10.326560,0.10751228034496307,0.24678955972194672,-0.14416420459747314
2025-05-09T12:55:10.485439,-0.6304129362106323,0.3286454975605011,0.042760565876960754
2025-05-09T12:55:10.645169,-0.23945917189121246,0.1722639948129654,0.2076941877603531
2025-05-09T12:55:10.804315,0.04886921867728233,0.39584067463874817,0.5778785347938538
2025-05-09T12:55:10.964520,1.5833626985549927,-0.26633724570274353,-0.17348572611808777
2025-05-09T12:55:11.124361,0.9382890462875366,-0.4153883755207062,-0.028099801391363144
2025-05-09T12:55:11.284588,-0.32498031854629517,0.3933972120285034,0.024434609338641167
2025-05-09T12:55:11.444576,-0.12095131725072861,-0.21868975460529327,0.004886921960860491
2025-05-09T12:55:11.604700,0.03787364438176155,-0.48747047781944275,0.05497787147760391
2025-05-09T12:55:11.764652,-0.15271630883216858,0.9028588533401489,0.5167919993400574
2025-05-09T12:55:11.924103,0.3481931984424591,0.03787364438176155,0.09040805697441101
2025-05-09T12:55:21.697494,0.3445279896259308,-1.7385225296020508,-0.5265658497810364
2025-05-09T12:55:21.724680,-0.19792033731937408,0.07208210229873657,0.02321287989616394
2025-05-09T12:55:21.883967,-0.18448130786418915,-0.7770205736160278,-0.03787364438176155
2025-05-09T12:55:22.043701,0.1014036312699318,0.3982841372489929,-0.13072516024112701
2025-05-09T12:56:57.596953,0.009773843921720982,-0.036651913076639175,0.0
2025-05-09T12:56:57.627528,0.13072516024112701,0.1820378452539444,0.4764748811721802
2025-05-09T12:56:57.785795,-0.3640756905078888,0.45814892649650574,0.012217304669320583
2025-05-09T12:56:57.945849,0.0659734457731247,-0.1514945775270462,-0.2064724564552307
2025-05-09T12:56:58.104609,0.13927727937698364,-0.251676470041275,-0.5424483418464661
2025-05-09T12:56:58.264155,-0.3323107063770294,-0.27000242471694946,-0.5571091175079346
2025-05-09T12:56:58.424237,0.030543262138962746,-0.10873401165008545,-0.4703662395477295
2025-05-09T12:56:58.584598,0.00733038317412138,0.08796459436416626,-0.28099802136421204
2025-05-09T12:56:58.745581,0.5778785347938538,0.1661553531885147,-0.22357667982578278
2025-05-09T12:56:58.904311,0.09040805697441101,0.26511552929878235,-0.07208210229873657
2025-05-09T12:56:59.063838,-0.059864792972803116,0.251676470041275,-0.29077184200286865
2025-05-09T12:56:59.223703,0.08185594528913498,-0.00733038317412138,-0.00855211354792118
2025-05-09T13:01:21.208345,-0.012217304669320583,-0.02687807008624077,-0.0012217304902151227
2025-05-09T13:01:21.241191,-0.019547687843441963,0.04886921867728233,0.06352998316287994
2025-05-09T13:01:21.241951,-0.024434609338641167,0.018325956538319588,0.06963863968849182
2025-05-09T13:01:21.242209,-0.02321287989616394,0.025656340643763542,0.0
2025-05-09T13:01:21.286158,-0.03787364438176155,0.021991148591041565,0.00366519158706069
2025-05-09T13:01:21.286539,0.05009094998240471,-0.042760565876960754,0.019547687843441963
2025-05-09T13:01:21.286839,-0.013439035043120384,0.006108652334660292,-0.02076941914856434
2025-05-09T13:01:21.287154,0.028099801391363144,-0.01710422709584236,0.010995574295520782
2025-05-09T13:01:21.287433,0.009773843921720982,0.018325956538319588,-0.01466076634824276
2025-05-09T13:01:21.287692,0.0012217304902151227,0.004886921960860491,-0.004886921960860491
2025-05-09T13:01:21.287951,0.00855211354792118,-0.0024434609804302454,-0.00366519158706069
2025-05-09T13:01:21.288193,-0.012217304669320583,0.006108652334660292,-0.006108652334660292
2025-05-09T13:01:21.288776,-0.042760565876960754,-0.00366519158706069,0.004886921960860491
2025-05-09T13:01:21.289055,-0.01466076634824276,-0.00733038317412138,0.0012217304902151227
2025-05-09T13:01:21.289307,0.0012217304902151227,0.012217304669320583,-0.006108652334660292
2025-05-09T13:01:21.290212,-0.004886921960860491,-0.036651913076639175,0.0354301854968071
2025-05-09T13:01:21.290493,0.04886921867728233,0.0012217304902151227,-0.009773843921720982
2025-05-09T13:01:21.290840,0.0403171069920063,0.009773843921720982,-0.00855211354792118
2025-05-09T13:01:21.291168,0.015882495790719986,-0.004886921960860491,-0.0012217304902151227
2025-05-09T13:01:21.291563,0.018325956538319588,0.00733038317412138,-0.015882495790719986
2025-05-09T13:01:21.293858,0.018325956538319588,-0.0012217304902151227,-0.00366519158706069
2025-05-09T13:01:21.294333,-0.0024434609804302454,-0.0012217304902151227,-0.010995574295520782
2025-05-09T13:01:21.294698,0.02321287989616394,-0.018325956538319588,-0.01710422709584236
2025-05-09T13:01:21.295066,-0.05742133408784866,0.0403171069920063,0.030543262138962746
2025-05-09T13:01:21.314007,0.0354301854968071,-0.13439035415649414,0.2370157092809677
2025-05-09T13:01:21.442260,0.013439035043120384,0.03787364438176155,0.006108652334660292
2025-05-09T13:01:21.609776,-0.010995574295520782,-0.05864306539297104,-0.013439035043120384
2025-05-09T13:01:21.760856,0.0024434609804302454,-0.03298672288656235,-0.012217304669320583
2025-05-09T13:01:21.921096,-0.01466076634824276,-0.03298672288656235,-0.013439035043120384
2025-05-09T13:01:22.081715,0.006108652334660292,-0.024434609338641167,-0.01710422709584236
2025-05-09T13:01:22.243207,-0.009773843921720982,0.010995574295520782,0.00733038317412138
2025-05-09T13:01:22.401067,0.010995574295520782,-0.03298672288656235,-0.02076941914856434
2025-05-09T13:01:22.561677,0.02687807008624077,-0.018325956538319588,-0.019547687843441963
2025-05-09T13:01:22.722261,0.04398229718208313,-0.04153883829712868,-0.006108652334660292
2025-05-09T13:01:22.879672,0.04642575979232788,0.00366519158706069,0.00366519158706069
2025-05-09T13:01:23.038815,0.17104226350784302,-0.021991148591041565,0.012217304669320583
2025-05-09T13:01:23.201309,1.7922786474227905,-0.05864306539297104,0.20891591906547546
2025-05-09T13:01:23.358306,3.7116172313690186,0.09773843735456467,0.485027015209198
2025-05-09T13:01:23.526498,0.8747590184211731,-0.05009094998240471,0.3836233615875244
2025-05-09T13:01:23.687150,-0.22357667982578278,0.12339477986097336,0.6438519954681396
2025-05-09T13:01:23.846430,-0.05864306539297104,0.5229006409645081,1.0152580738067627
2025-05-09T13:01:24.003135,0.021991148591041565,0.5216789245605469,0.7049384713172913
2025-05-09T13:01:24.165563,-0.15393804013729095,0.22357667982578278,0.3090978264808655
2025-05-09T13:01:24.325715,0.021991148591041565,-0.05253441259264946,0.025656340643763542
2025-05-09T13:01:24.484980,0.13072516024112701,-0.04642575979232788,0.01710422709584236
2025-05-09T13:01:24.643232,0.1111774742603302,-0.051312681287527084,0.0659734457731247
2025-05-09T13:01:24.796504,0.07819075137376785,-0.43615779280662537,0.18936823308467865
2025-05-09T13:01:24.962708,-0.08307767659425735,-0.021991148591041565,-0.07819075137376785
2025-05-09T13:01:25.125009,0.012217304669320583,0.06230825558304787,-0.08796459436416626
2025-05-09T13:01:25.283272,0.08429940044879913,-0.05497787147760391,-0.05742133408784866
2025-05-09T13:01:25.443608,0.16004669666290283,0.030543262138962746,-0.05497787147760391
2025-05-09T13:01:25.602231,0.3188716471195221,0.2028072625398636,-0.1514945775270462
2025-05-09T13:01:25.762932,1.026253581047058,0.042760565876960754,0.16371189057826996
2025-05-09T13:01:25.921204,-0.17959438264369965,0.2370157092809677,0.09896016865968704
2025-05-09T13:01:26.078331,-1.1215485334396362,0.3066543638706207,0.19425514340400696
2025-05-09T13:01:26.241559,-0.13439035415649414,-0.09040805697441101,0.2321287989616394
2025-05-09T13:01:26.400772,0.06719517707824707,-0.08307767659425735,0.09896016865968704
2025-05-09T13:01:26.560099,0.49357911944389343,0.11728613078594208,0.05742133408784866
2025-05-09T13:01:26.720614,0.5302310585975647,0.05375614017248154,0.09773843735456467
2025-05-09T13:01:26.879515,0.2174680233001709,0.00855211354792118,0.08674286305904388
2025-05-09T13:01:27.040394,-0.09896016865968704,0.16859880089759827,0.07330382615327835
2025-05-09T13:01:27.194866,-0.2223549485206604,0.17104226350784302,-0.05009094998240471
2025-05-09T13:01:27.357530,0.02932153269648552,-0.14049901068210602,-0.10506882518529892
2025-05-09T13:01:27.519842,-0.6401867866516113,-0.05009094998240471,-0.24068090319633484
2025-05-09T13:01:27.677077,-0.2541199326515198,-0.02321287989616394,-0.13439035415649414
2025-05-09T13:01:27.835541,-0.09896016865968704,-0.26511552929878235,0.019547687843441963
2025-05-09T13:01:27.994608,-0.16371189057826996,-0.2883284091949463,0.013439035043120384
2025-05-09T13:01:28.155214,-0.14538592100143433,0.036651913076639175,-0.10873401165008545
2025-05-09T13:01:28.313602,0.15515977144241333,2.102598190307617,-0.1417207419872284
2025-05-09T13:01:28.478297,-0.07208210229873657,-2.4129176139831543,0.5754350423812866
2025-05-09T13:01:28.634897,-0.13072516024112701,0.6450737118721008,0.12095131725072861
2025-05-09T13:01:28.793351,0.18448130786418915,1.6016886234283447,-0.3323107063770294
2025-05-09T13:01:28.955367,-0.07696902006864548,-2.2284364700317383,0.33475416898727417
2025-05-09T13:01:29.115106,-0.06719517707824707,0.48869219422340393,0.012217304669320583
2025-05-09T13:01:29.274522,-0.24068090319633484,1.7629570960998535,-0.5400048494338989
2025-05-09T13:01:29.433848,0.3384193480014801,-2.2394320964813232,0.14782938361167908
2025-05-09T13:01:29.594501,0.07696902006864548,-0.1258382350206375,0.14782938361167908
2025-05-09T13:01:29.755867,0.17104226350784302,0.2076941877603531,-0.02687807008624077
2025-05-09T13:01:29.914689,-0.09040805697441101,-0.06352998316287994,-0.00366519158706069
2025-05-09T13:01:30.074956,-0.03176499158143997,0.1111774742603302,0.05497787147760391
2025-05-09T13:01:30.235522,0.059864792972803116,-0.03298672288656235,0.21868975460529327
2025-05-09T13:01:30.393888,0.3836233615875244,0.16859880089759827,-1.1398745775222778
2025-05-09T13:01:30.554716,0.18936823308467865,0.04886921867728233,0.012217304669320583
2025-05-09T13:01:30.715403,-0.25534167885780334,0.12950342893600464,1.7922786474227905
2025-05-09T13:01:30.873990,-0.051312681287527084,-0.08307767659425735,-1.3353514671325684
2025-05-09T13:01:31.035274,-0.006108652334660292,0.2687807083129883,0.010995574295520782
2025-05-09T13:01:31.194855,-0.45326200127601624,0.0757472887635231,1.7336355447769165
2025-05-09T13:01:31.355080,0.07330382615327835,-0.24678955972194672,-1.4379768371582031
2025-05-09T13:01:31.514246,0.025656340643763542,0.01466076634824276,0.07330382615327835
2025-05-09T13:01:31.675499,-0.3384193480014801,0.025656340643763542,1.4220943450927734
2025-05-09T13:01:31.829670,-0.20891591906547546,-0.19914206862449646,-1.0604621171951294
2025-05-09T13:01:31.994659,-0.10995574295520782,0.10873401165008545,0.31642818450927734
2025-05-09T13:01:32.154918,-0.11484266817569733,0.05009094998240471,0.02076941914856434
2025-05-09T13:01:32.313979,0.1368338167667389,-0.2834414839744568,-0.07208210229873657
2025-05-09T13:01:32.467935,-0.3885102868080139,-0.16982053220272064,-0.7770205736160278
2025-05-09T13:01:32.635348,0.14782938361167908,0.3225368559360504,0.5913175344467163
2025-05-09T13:01:32.792961,0.2382374405860901,-0.0403171069920063,0.4544837474822998
2025-05-09T13:01:32.957311,-0.3176499307155609,0.04153883829712868,-0.5400048494338989
2025-05-09T13:01:33.107165,-0.013439035043120384,-0.3066543638706207,-0.14049901068210602
2025-05-09T13:01:33.267206,0.13561208546161652,0.21135938167572021,0.32620203495025635
2025-05-09T13:01:33.432985,-0.15515977144241333,0.06475171446800232,-0.11850785464048386
2025-05-09T13:01:33.595393,-0.00733038317412138,-0.1160643994808197,-0.06475171446800232
2025-05-09T13:01:33.753627,0.018325956538319588,0.05009094998240471,0.045204028487205505
2025-05-09T13:01:33.914303,0.00366519158706069,0.010995574295520782,-0.00733038317412138
2025-05-09T13:01:34.069909,-0.13927727937698364,0.05009094998240471,-0.03176499158143997
2025-05-09T13:01:34.233821,-0.4508185386657715,0.1111774742603302,-0.33719760179519653
2025-05-09T13:01:34.386107,-0.025656340643763542,-0.22113321721553802,-0.6243042945861816
2025-05-09T13:01:34.553434,0.27977627515792847,-0.21013765037059784,-0.6328563690185547
2025-05-09T13:01:34.715568,0.09162978827953339,-0.14416420459747314,-0.7684684991836548
2025-05-09T13:01:34.874308,0.12217304855585098,-0.09529497474431992,-0.8258898258209229
2025-05-09T13:01:35.034733,-0.251676470041275,0.0,-0.6487388610839844
2025-05-09T13:01:35.194887,-0.045204028487205505,-0.07696902006864548,-0.5534439086914062
2025-05-09T13:01:35.355957,0.8234463334083557,-0.8515461683273315,0.12828169763088226
2025-05-09T13:01:35.514666,-0.6157521605491638,-0.2480112910270691,-0.7159340381622314
2025-05-09T13:01:35.675444,-0.47769662737846375,0.11728613078594208,-0.9077457785606384
2025-05-09T13:01:35.835025,-0.3445279896259308,-0.09773843735456467,-0.16737708449363708
2025-05-09T13:01:35.993810,-0.7550294399261475,-0.3579670190811157,0.018325956538319588
2025-05-09T13:01:36.155953,-0.3543018400669098,-0.22113321721553802,-0.028099801391363144
2025-05-09T13:01:36.313801,-0.3628539443016052,-0.20036379992961884,-0.06108652427792549
2025-05-09T13:01:36.477219,-0.4642575979232788,-0.059864792972803116,0.04153883829712868
2025-05-09T13:01:36.627349,-0.04642575979232788,-0.06719517707824707,0.051312681287527084
2025-05-09T13:01:36.787163,-0.15393804013729095,-0.08429940044879913,-0.01710422709584236
2025-05-09T13:02:47.679144,0.030543262138962746,-0.02321287989616394,0.09773843735456467
2025-05-09T13:02:47.796045,-0.13561208546161652,0.04398229718208313,-0.04764748737215996
2025-05-09T13:02:47.957458,0.013439035043120384,-0.015882495790719986,-0.0024434609804302454
2025-05-09T13:02:48.119657,0.00855211354792118,0.0,-0.015882495790719986
2025-05-09T13:02:48.278541,-0.00366519158706069,0.012217304669320583,-0.02932153269648552
2025-05-09T13:02:48.435750,-0.01710422709584236,0.01710422709584236,-0.02687807008624077
2025-05-09T13:02:48.599888,-0.03176499158143997,0.012217304669320583,-0.04153883829712868
2025-05-09T13:02:48.757588,-0.08674286305904388,0.030543262138962746,-0.030543262138962746
2025-05-09T13:02:48.917415,-0.05253441259264946,0.015882495790719986,0.0024434609804302454
2025-05-09T13:03:13.653642,-6.590014457702637,-0.5338962078094482,0.3494149148464203
2025-05-09T13:03:36.599775,4.04270601272583,-0.3029891550540924,1.7373007535934448
2025-05-09T13:03:36.628041,0.9346238374710083,0.5387831330299377,-0.31642818450927734
2025-05-09T15:47:59.500672,0.2626720666885376,0.2541199326515198,0.17959438264369965
2025-05-09T15:47:59.638334,-0.1160643994808197,0.06108652427792549,-0.11972958594560623
2025-05-09T15:47:59.797066,-0.15882496535778046,0.28466320037841797,-0.32986724376678467
2025-05-09T15:47:59.958483,-0.1514945775270462,0.36529740691185,-0.14049901068210602
2025-05-09T15:48:00.117103,-0.16859880089759827,0.13439035415649414,-0.04153883829712868
2025-05-09T15:48:00.276533,-1.1374311447143555,-0.019547687843441963,-0.14416420459747314
2025-05-09T15:48:00.436154,-1.8936822414398193,0.02076941914856434,-0.3836233615875244
2025-05-09T15:48:00.595693,-2.5778512954711914,0.039095375686883926,-0.39706242084503174
2025-05-09T15:48:00.757322,-0.4031710624694824,-0.06841690838336945,0.02932153269648552
2025-05-09T15:48:00.942715,-0.042760565876960754,0.12461651116609573,-0.05742133408784866
2025-05-09T15:48:01.079799,-0.6743952035903931,0.16982053220272064,-0.010995574295520782
2025-05-09T15:48:01.236038,0.5448917746543884,-0.11850785464048386,-0.18814650177955627
2025-05-09T15:48:01.430077,0.23457226157188416,-0.0024434609804302454,0.06108652427792549
2025-05-09T15:48:01.554241,-0.045204028487205505,-0.10018189996480942,-0.05253441259264946
2025-05-09T15:48:02.398037,0.38240164518356323,0.11850785464048386,-0.03176499158143997
2025-05-09T15:48:02.398498,0.010995574295520782,0.012217304669320583,0.05375614017248154
2025-05-09T15:48:02.513526,0.01466076634824276,-0.0012217304902151227,-0.036651913076639175
2025-05-09T15:48:02.673235,-0.010995574295520782,-0.025656340643763542,0.025656340643763542
2025-05-09T15:50:01.637117,0.03420845419168472,-0.00366519158706069,0.012217304669320583
2025-05-09T15:50:01.642878,3.202155590057373,-0.7452555894851685,-5.414709568023682
2025-05-09T15:50:01.764262,-2.668259382247925,-1.1716395616531372,-1.1545352935791016
2025-05-09T15:50:01.924125,-0.1014036312699318,-0.16737708449363708,1.274264931678772
2025-05-09T15:50:02.085604,2.4495697021484375,-0.4862487316131592,0.6401867866516113
2025-05-09T15:50:02.242942,0.45326200127601624,-0.03176499158143997,-0.5253441333770752
2025-05-09T15:55:01.002999,-0.6927211880683899,-0.4495968222618103,0.15760323405265808
2025-05-09T15:55:01.003470,0.004886921960860491,0.004886921960860491,-0.00855211354792118
2025-05-09T15:55:01.134387,0.009773843921720982,-0.00366519158706069,-0.012217304669320583
2025-05-09T16:04:00.645362,-0.0024434609804302454,0.00366519158706069,-0.010995574295520782
2025-05-09T16:04:00.657419,-0.28466320037841797,-0.20036379992961884,-0.045204028487205505
2025-05-09T16:04:00.831720,0.4398229718208313,0.21502456068992615,0.05375614017248154
2025-05-09T16:04:00.978907,0.1966986060142517,-0.19792033731937408,-0.05497787147760391
2025-05-09T16:04:01.141017,-0.513126790523529,0.7660250067710876,-0.685390830039978
2025-05-09T16:04:01.295928,1.7849482297897339,-1.4001030921936035,-2.1539108753204346
2025-05-09T16:04:01.463300,3.006678819656372,-1.7666223049163818,-0.20402899384498596
2025-05-09T16:04:01.623336,0.799011766910553,-0.7122688889503479,-0.3286454975605011
2025-05-09T16:04:01.781675,-0.2919935882091522,-0.4031710624694824,-0.2174680233001709
2025-05-09T16:04:01.941134,-0.4593706727027893,0.015882495790719986,0.09285151958465576
2025-05-09T16:04:02.094759,-0.2773328125476837,0.004886921960860491,0.12828169763088226
2025-05-09T16:04:02.253499,-1.6957619190216064,0.13805554807186127,-0.12950342893600464
2025-05-09T16:04:02.421526,-2.4495697021484375,0.2028072625398636,0.0
2025-05-09T16:04:02.578543,1.1618657112121582,0.24556782841682434,0.2968805134296417
2025-05-09T16:04:02.740998,1.6786576509475708,0.4056145250797272,0.44104471802711487
2025-05-09T16:04:40.278232,1.0458012819290161,0.3127630054950714,0.2626720666885376
2025-05-09T16:04:40.278840,-0.04886921867728233,-0.22357667982578278,-0.012217304669320583
2025-05-09T16:04:40.279189,-0.5351179838180542,-0.09040805697441101,0.16859880089759827
2025-05-09T16:04:40.279526,-0.45326200127601624,0.2480112910270691,0.6255260109901428
2025-05-09T16:04:40.347598,-0.14782938361167908,0.8405506014823914,0.7379252314567566
2025-05-09T16:04:40.507728,-0.1111774742603302,0.006108652334660292,-0.15393804013729095
2025-05-09T16:04:40.671051,-0.01466076634824276,-0.05497787147760391,-0.03420845419168472
2025-05-09T16:04:40.826720,0.47280970215797424,-0.039095375686883926,0.00366519158706069
2025-05-09T16:04:40.986793,-0.11362093687057495,0.05619960278272629,0.10506882518529892
2025-05-09T16:04:41.146405,-0.16737708449363708,0.030543262138962746,0.0
2025-05-09T16:04:41.306950,0.00855211354792118,-0.10262536257505417,-0.07330382615327835
2025-05-09T16:04:41.465377,-0.004886921960860491,-0.0024434609804302454,-0.0024434609804302454
2025-05-09T16:04:41.625819,-0.045204028487205505,0.0,-0.006108652334660292
2025-05-09T16:04:41.786983,-0.019547687843441963,-0.0024434609804302454,0.0
2025-05-09T16:04:41.926539,-0.036651913076639175,0.039095375686883926,-0.036651913076639175
2025-05-09T16:04:42.088050,-0.02076941914856434,-0.0012217304902151227,0.012217304669320583
2025-05-09T16:04:42.246860,0.01710422709584236,-0.10384709388017654,-0.028099801391363144
2025-05-09T16:04:42.414460,-0.012217304669320583,-0.01466076634824276,-0.00733038317412138
2025-05-09T16:04:42.565244,-0.01710422709584236,-0.010995574295520782,0.0024434609804302454
2025-05-09T16:04:42.727323,-0.019547687843441963,-0.004886921960860491,0.00366519158706069
2025-05-09T16:04:42.886279,-0.00855211354792118,-0.02076941914856434,0.05742133408784866
2025-05-09T16:04:43.026957,-0.00733038317412138,0.0354301854968071,0.02687807008624077
2025-05-09T16:04:43.185524,-0.05864306539297104,-0.009773843921720982,-0.00733038317412138
2025-05-09T16:04:43.348217,-0.010995574295520782,-0.004886921960860491,-0.00366519158706069
2025-05-09T16:04:43.505840,-0.042760565876960754,0.0,-0.010995574295520782
2025-05-09T16:04:43.666622,0.0,-0.019547687843441963,-0.009773843921720982
2025-05-09T16:04:43.826728,-0.00733038317412138,0.0024434609804302454,0.004886921960860491
2025-05-09T16:04:43.992151,-0.00855211354792118,-0.00733038317412138,-0.0012217304902151227
2025-05-09T16:04:44.151341,-0.010995574295520782,0.0012217304902151227,-0.0024434609804302454
2025-05-09T16:04:44.313237,-0.004886921960860491,0.0024434609804302454,0.0012217304902151227
2025-05-09T16:04:44.464317,0.00733038317412138,-0.0012217304902151227,0.0
2025-05-09T16:04:44.632084,0.0,0.0024434609804302454,0.004886921960860491
2025-05-09T16:04:44.791502,-0.0012217304902151227,0.0,-0.0012217304902151227
2025-05-09T16:04:44.952515,-0.0024434609804302454,-0.0012217304902151227,0.0012217304902151227
2025-05-09T16:04:45.110828,-0.0012217304902151227,0.00366519158706069,0.0024434609804302454
2025-05-09T16:04:45.272382,-0.0012217304902151227,0.0024434609804302454,0.0012217304902151227
2025-05-09T16:04:45.430699,-0.009773843921720982,0.0012217304902151227,0.0
2025-05-09T16:04:45.589715,0.0012217304902151227,-0.0012217304902151227,0.0
2025-05-09T16:04:45.746342,-0.0024434609804302454,0.0,0.0012217304902151227
2025-05-09T16:04:45.909097,0.006108652334660292,0.0,0.0012217304902151227
2025-05-09T16:04:46.067167,0.0,0.0,0.00366519158706069
2025-05-09T16:04:46.229138,0.00366519158706069,0.0,0.0
2025-05-09T16:04:46.384570,-0.0024434609804302454,0.0024434609804302454,0.0024434609804302454
2025-05-09T16:04:46.549473,-0.00366519158706069,0.0024434609804302454,0.0
2025-05-09T16:04:46.708457,-0.0012217304902151227,0.0012217304902151227,0.0012217304902151227
2025-05-09T16:04:46.868934,-0.0012217304902151227,-0.004886921960860491,-0.0024434609804302454
2025-05-09T16:04:47.028445,-0.0012217304902151227,0.0012217304902151227,0.0
2025-05-09T16:04:47.189092,-0.03298672288656235,0.0806342139840126,0.12217304855585098
2025-05-09T16:04:47.345311,0.08918632566928864,0.6633996367454529,0.21502456068992615
2025-05-09T16:04:47.505743,0.27977627515792847,0.8442157506942749,0.22602014243602753
2025-05-09T16:04:47.657776,0.29077184200286865,0.8515461683273315,0.32620203495025635
2025-05-09T16:04:47.819370,0.38606682419776917,0.8894197940826416,0.30054569244384766
2025-05-09T16:04:47.985101,0.1661553531885147,0.5742133259773254,0.16982053220272064
2025-05-09T16:04:48.145122,0.18814650177955627,0.22113321721553802,0.12461651116609573
2025-05-09T16:04:48.303428,-0.09285151958465576,-0.0757472887635231,-0.0757472887635231
2025-05-09T16:04:48.463639,-0.2871066629886627,-0.3494149148464203,-0.10506882518529892
2025-05-09T16:04:48.623369,-0.3017674386501312,-0.6206390857696533,-0.13927727937698364
2025-05-09T16:04:48.784286,-0.25045475363731384,-0.836885392665863,-0.3543018400669098
2025-05-09T16:04:48.939952,-0.0012217304902151227,-0.618195652961731,-0.1722639948129654
2025-05-09T16:04:49.101084,0.04764748737215996,-0.4398229718208313,-0.13927727937698364
2025-05-09T16:04:49.261393,0.02687807008624077,-0.35674530267715454,-0.11728613078594208
2025-05-09T16:04:49.422192,0.009773843921720982,-0.20036379992961884,-0.04642575979232788
2025-05-09T16:04:49.579627,0.09285151958465576,-0.3017674386501312,-0.05009094998240471
2025-05-09T16:04:49.741044,-0.24923302233219147,-0.01466076634824276,-0.07696902006864548
2025-05-09T16:04:49.899125,-0.042760565876960754,-0.04153883829712868,-0.02321287989616394
2025-05-09T16:04:50.060787,-0.004886921960860491,-0.01710422709584236,-0.00366519158706069
2025-05-09T16:04:50.219086,-0.02932153269648552,0.009773843921720982,-0.0012217304902151227
2025-05-09T16:04:50.378078,0.0,-0.004886921960860491,0.0024434609804302454
2025-05-09T16:04:50.534446,-0.00733038317412138,0.0024434609804302454,0.0024434609804302454
2025-05-09T16:04:50.697207,-0.015882495790719986,0.006108652334660292,0.0012217304902151227
2025-05-09T16:04:50.857424,-0.013439035043120384,0.0012217304902151227,0.0
2025-05-09T16:04:51.017919,0.01710422709584236,0.0012217304902151227,0.00733038317412138
2025-05-09T16:04:51.176591,0.021991148591041565,0.00366519158706069,0.006108652334660292
2025-05-09T16:04:51.335065,-0.004886921960860491,0.0024434609804302454,0.006108652334660292
2025-05-09T16:04:51.495411,0.05253441259264946,0.09040805697441101,0.3090978264808655
2025-05-09T16:04:51.657101,-0.1466076523065567,0.15393804013729095,1.1227703094482422
2025-05-09T16:04:51.815331,-0.25534167885780334,-0.7049384713172913,1.55892813205719
2025-05-09T16:04:51.976511,0.44837507605552673,-0.9578366875648499,0.8772025108337402
2025-05-09T16:04:52.134285,0.8185594081878662,-0.513126790523529,0.3677408695220947
2025-05-09T16:04:52.294029,0.5815436840057373,-0.27000242471694946,0.38117989897727966
2025-05-09T16:04:52.453552,0.21135938167572021,0.1368338167667389,0.16737708449363708
2025-05-09T16:04:52.613661,0.2626720666885376,0.36651915311813354,0.06108652427792549
2025-05-09T16:04:52.772851,-0.13316862285137177,0.1966986060142517,0.21013765037059784
2025-05-09T16:04:52.927102,-0.5192354321479797,-0.0708603709936142,0.00855211354792118
2025-05-09T16:04:53.091681,-1.1044443845748901,-0.44593164324760437,-0.24434609711170197
2025-05-09T16:04:53.253233,-0.33475416898727417,-0.485027015209198,-0.14416420459747314
2025-05-09T16:04:53.411190,-0.6548475623130798,-0.1612684279680252,-0.2370157092809677
2025-05-09T16:04:53.570383,0.14782938361167908,0.4960225820541382,0.07330382615327835
2025-05-09T16:04:53.730239,1.2388347387313843,0.9761626720428467,-0.12339477986097336
2025-05-09T16:04:53.892046,0.5326744914054871,0.30543261766433716,-0.6548475623130798
2025-05-09T16:04:54.049808,0.24556782841682434,0.09651670604944229,0.08429940044879913
2025-05-09T16:04:54.210842,0.10873401165008545,-0.5424483418464661,0.6902777552604675
2025-05-09T16:04:54.370240,-1.1239920854568481,-0.4593706727027893,0.28466320037841797
2025-05-09T16:04:54.529813,-0.5546656250953674,-0.14905111491680145,0.14294247329235077
2025-05-09T16:04:54.685091,0.9847147464752197,0.6829473376274109,-0.1368338167667389
2025-05-09T16:04:54.850146,1.3182471990585327,0.8100073337554932,-0.5742133259773254
2025-05-09T16:04:55.008293,1.0555751323699951,0.20402899384498596,-0.04886921867728233
2025-05-09T16:04:55.169906,0.3701843321323395,0.0659734457731247,0.22357667982578278
2025-05-09T16:04:55.326397,-0.0659734457731247,0.024434609338641167,-0.05253441259264946
2025-05-09T16:04:55.487363,-0.03176499158143997,-0.5094616413116455,-0.35674530267715454
2025-05-09T16:04:55.646708,-2.4581217765808105,-1.0335839986801147,-0.44593164324760437
2025-05-09T16:04:55.807321,-2.0305161476135254,-1.1753047704696655,-0.04398229718208313
2025-05-09T16:04:55.963668,-3.2925636768341064,-0.4153883755207062,-0.37629300355911255
2025-05-09T16:04:56.124743,-2.7867672443389893,0.1014036312699318,0.2174680233001709
2025-05-09T16:04:56.285573,-2.2430970668792725,0.3335324227809906,0.08185594528913498
2025-05-09T16:04:56.437061,1.5210545063018799,1.36955988407135,-0.04153883829712868
2025-05-09T16:04:56.610818,-1.3390166759490967,1.9230037927627563,-0.5705481171607971
2025-05-09T16:04:56.755262,-0.36651915311813354,-0.384845107793808,-1.4795156717300415
2025-05-09T16:04:56.914076,0.646295428276062,-0.4447098970413208,-0.04153883829712868
2025-05-09T16:04:57.077890,-0.8772025108337402,-0.304210901260376,-0.1869247704744339
2025-05-09T16:04:57.245663,0.5632177591323853,-0.036651913076639175,0.13805554807186127
2025-05-09T16:04:57.401663,0.7367035150527954,0.3787364661693573,0.3127630054950714
2025-05-09T16:04:57.560341,0.8723155856132507,0.28099802136421204,0.38117989897727966
2025-05-09T16:04:57.720482,0.7440338730812073,0.19058994948863983,0.35185837745666504
2025-05-09T16:04:57.881020,0.4080579876899719,0.17959438264369965,-0.021991148591041565
2025-05-09T16:06:56.645803,-0.14905111491680145,0.2871066629886627,-0.08307767659425735
2025-05-09T16:06:56.663488,-0.00366519158706069,0.013439035043120384,-0.00366519158706069
2025-05-09T16:06:56.864968,-0.009773843921720982,0.010995574295520782,-0.06475171446800232
2025-05-09T16:06:56.984312,-0.018325956538319588,-0.01710422709584236,-0.015882495790719986
2025-05-09T16:06:57.157465,-0.08674286305904388,0.04642575979232788,-0.07208210229873657
2025-05-09T16:06:57.302857,-0.11362093687057495,-0.010995574295520782,-0.09529497474431992
2025-05-09T16:06:57.462649,0.004886921960860491,-0.019547687843441963,0.01710422709584236
2025-05-09T16:06:57.621719,-0.024434609338641167,0.021991148591041565,-0.0024434609804302454
2025-05-09T16:06:57.784504,-0.015882495790719986,0.045204028487205505,0.004886921960860491
2025-05-09T16:06:57.945638,-0.4593706727027893,0.06719517707824707,0.05864306539297104
2025-05-09T16:06:58.104852,0.18325957655906677,0.0806342139840126,-0.013439035043120384
2025-05-09T16:06:58.264906,-0.03787364438176155,-0.0012217304902151227,0.006108652334660292
2025-05-09T16:06:58.424795,-0.05497787147760391,0.08796459436416626,0.06719517707824707
2025-05-09T16:06:58.583599,-0.021991148591041565,-0.018325956538319588,0.17348572611808777
2025-05-09T16:06:58.742728,0.08185594528913498,-0.03298672288656235,0.059864792972803116
2025-05-09T16:15:00.002818,-0.14782938361167908,0.12461651116609573,0.04153883829712868
2025-05-09T16:15:00.072715,0.13439035415649414,0.05619960278272629,0.06719517707824707
2025-05-09T16:15:00.238504,0.018325956538319588,-0.015882495790719986,0.04886921867728233
2025-05-09T16:20:56.680044,-0.26145032048225403,-0.0659734457731247,0.018325956538319588
2025-05-09T16:20:56.836957,0.0403171069920063,-0.01710422709584236,0.09285151958465576
2025-05-09T16:34:24.733285,-0.14538592100143433,0.009773843921720982,0.013439035043120384
2025-05-09T18:43:59.134397,0.2626720666885376,0.2724458873271942,0.2064724564552307
2025-05-09T18:43:59.184879,-0.042760565876960754,0.32131510972976685,-0.25045475363731384
2025-05-09T18:43:59.344621,-0.1563815027475357,0.29565876722335815,-0.05009094998240471
2025-05-09T18:43:59.504991,0.47769662737846375,0.37751471996307373,0.2370157092809677
2025-05-09T18:43:59.665895,0.4056145250797272,-0.3335324227809906,-0.19058994948863983
2025-05-09T18:43:59.823709,-1.6762142181396484,0.9663888216018677,-0.5180137157440186
2025-05-09T18:43:59.985784,-2.506990909576416,3.308446168899536,1.6505578756332397
2025-05-09T18:44:00.143795,-1.0494664907455444,1.4966198205947876,1.5369369983673096
2025-05-09T18:44:00.303362,-1.0458012819290161,0.646295428276062,0.5742133259773254
2025-05-09T18:44:00.470580,0.96883225440979,-0.2028072625398636,0.08429940044879913
2025-05-09T18:44:00.630238,1.490511178970337,-0.8918632864952087,1.1948524713516235
2025-05-09T18:44:00.781916,-0.02076941914856434,0.025656340643763542,0.0659734457731247
2025-05-09T18:44:00.976262,-0.720820963382721,-0.07941248267889023,-0.4190535545349121
2025-05-09T18:44:01.102136,0.11850785464048386,0.2431243658065796,-0.09651670604944229
2025-05-09T18:44:02.091998,-0.006108652334660292,0.26145032048225403,0.059864792972803116
2025-05-09T18:44:02.092605,-0.4398229718208313,-0.47769662737846375,-0.4911356568336487
2025-05-09T18:44:03.067604,-0.06108652427792549,-0.0659734457731247,-0.21624629199504852
2025-05-09T18:44:03.068203,-0.4031710624694824,-0.836885392665863,-0.2125810980796814
2025-05-09T18:44:03.182829,-0.46670106053352356,-0.0659734457731247,-0.3017674386501312
2025-05-09T18:44:03.342494,-2.7757716178894043,0.2724458873271942,-0.817337691783905
2025-05-09T18:44:03.522221,-4.095240592956543,-0.4337143301963806,-0.6621779203414917
2025-05-09T18:44:03.661364,-4.674340724945068,1.9657644033432007,0.7904596328735352
2025-05-09T18:44:03.826737,4.069584369659424,0.6609562039375305,1.3390166759490967
2025-05-09T18:44:08.466681,2.6279423236846924,-1.1691961288452148,-1.9755382537841797
2025-05-09T18:44:08.495103,0.3897320330142975,0.28099802136421204,-3.5491271018981934
2025-05-09T18:44:08.658692,0.6475171446800232,-0.17837265133857727,-0.10751228034496307
2025-05-09T18:44:08.801935,0.5436700582504272,0.6206390857696533,0.5485569834709167
2025-05-09T18:44:08.959771,-0.23090706765651703,0.4251621961593628,0.6255260109901428
2025-05-09T18:44:09.120617,-0.40072759985923767,-0.3078760802745819,-0.11728613078594208
2025-05-09T18:44:09.278844,-2.0109684467315674,-0.8894197940826416,-0.45692721009254456
2025-05-09T18:44:09.440697,0.2919935882091522,0.26633724570274353,0.06475171446800232
2025-05-09T18:44:09.604645,-0.4043927788734436,0.1368338167667389,-0.8613200187683105
2025-05-09T18:44:09.764940,-0.5852088928222656,0.2321287989616394,-0.1258382350206375
2025-05-09T18:44:09.925896,-0.911410927772522,0.7049384713172913,0.23335053026676178
2025-05-09T18:44:10.081375,0.1319468915462494,-0.39217549562454224,-0.05253441259264946
2025-05-09T18:44:10.262112,-0.009773843921720982,-0.18570303916931152,-0.13439035415649414
2025-05-09T18:44:10.397908,0.2321287989616394,-0.05253441259264946,0.36651915311813354
2025-05-09T18:44:10.555806,0.6609562039375305,-0.2675589919090271,-0.07208210229873657
2025-05-09T18:44:10.716968,-0.3982841372489929,-0.9358455538749695,-0.46547931432724
2025-05-09T18:44:10.877170,-0.19547687470912933,-0.970054030418396,-1.0690141916275024
2025-05-09T18:44:11.040989,-2.3884830474853516,-1.1142182350158691,-1.8313740491867065
2025-05-09T18:44:11.199069,-1.5515977144241333,-1.1582005023956299,-2.574186086654663
2025-05-09T18:44:11.356873,1.1068878173828125,-0.43615779280662537,-0.7929030656814575
2025-05-09T18:44:12.343423,0.8735373020172119,-0.5094616413116455,-0.7782423496246338
2025-05-09T18:44:13.302043,1.3622294664382935,0.24190263450145721,1.4599679708480835
2025-05-09T18:44:13.303028,-0.03420845419168472,-0.5204572081565857,-0.08552113175392151
2025-05-09T18:44:13.473082,2.1258111000061035,0.09529497474431992,0.5839871764183044
2025-05-09T18:44:13.600325,2.230879783630371,2.2198843955993652,3.0298917293548584
2025-05-09T18:44:13.791459,2.3664920330047607,2.2565362453460693,2.337170362472534
2025-05-09T18:44:13.913515,1.2803735733032227,0.4544837474822998,0.12828169763088226
2025-05-09T18:44:14.073275,0.059864792972803116,-0.39217549562454224,0.045204028487205505
2025-05-09T18:44:14.954765,0.1612684279680252,0.1563815027475357,0.3738495409488678
2025-05-09T18:44:15.033886,-0.1966986060142517,-0.19792033731937408,-0.8515461683273315
2025-05-09T18:44:15.234876,0.16249015927314758,-0.3897320330142975,-0.3640756905078888
2025-05-09T18:44:15.356600,0.024434609338641167,0.2773328125476837,-0.024434609338641167
2025-05-09T18:44:15.515256,0.16859880089759827,0.17348572611808777,0.44593164324760437
2025-05-09T18:44:15.674046,-0.455705463886261,-0.36651915311813354,0.3335324227809906
2025-05-09T18:44:15.837689,-0.394618958234787,0.13805554807186127,0.6939429044723511
2025-05-09T18:44:15.993387,0.21624629199504852,0.10873401165008545,0.4398229718208313
2025-05-09T18:44:16.160606,-0.2125810980796814,-0.2834414839744568,-0.06352998316287994
2025-05-09T18:44:16.312663,-0.5632177591323853,1.5161675214767456,-0.8258898258209229
2025-05-09T18:44:16.476156,0.1820378452539444,0.08307767659425735,-0.12828169763088226
2025-05-09T18:44:16.633396,-0.4251621961593628,-0.1111774742603302,-0.0024434609804302454
2025-05-09T18:44:16.792233,-0.04886921867728233,-0.375071257352829,0.06108652427792549
2025-05-09T18:44:16.956147,0.4642575979232788,-0.012217304669320583,0.012217304669320583
2025-05-09T18:44:17.112071,0.03420845419168472,-0.16493362188339233,-0.43249258399009705
2025-05-09T18:44:17.273499,-0.35063666105270386,-0.025656340643763542,-0.26633724570274353
2025-05-09T18:44:17.432809,-0.1319468915462494,0.17837265133857727,-0.28466320037841797
2025-05-09T18:44:17.592387,0.6414085030555725,0.48258355259895325,-0.024434609338641167
2025-05-09T18:44:17.752913,-0.7024950385093689,-0.3494149148464203,0.4801400899887085
2025-05-09T18:44:17.911557,-0.4288274049758911,-0.03176499158143997,0.018325956538319588
2025-05-09T18:44:18.071594,0.35185837745666504,0.0757472887635231,-0.05864306539297104
2025-05-09T18:44:18.230552,0.30054569244384766,-0.06230825558304787,-0.15515977144241333
2025-05-09T18:44:18.390137,0.13072516024112701,-0.5277875661849976,-0.7440338730812073
2025-05-09T18:44:18.550129,0.21135938167572021,0.22846360504627228,-0.0659734457731247
2025-05-09T18:44:18.710755,-0.24678955972194672,0.1612684279680252,0.21135938167572021
2025-05-09T18:44:18.869767,-0.27488934993743896,-0.03298672288656235,0.32620203495025635
2025-05-09T18:44:19.029929,-0.012217304669320583,0.05864306539297104,-0.33597588539123535
2025-05-09T18:44:19.189445,-0.04153883829712868,-0.12461651116609573,-0.2064724564552307
2025-05-09T18:44:19.350152,0.5290092825889587,-0.23945917189121246,-0.35185837745666504
2025-05-09T18:44:19.508138,-0.12461651116609573,-0.12828169763088226,-0.22846360504627228
2025-05-09T18:44:19.668694,-0.7318165898323059,1.301142930984497,0.2125810980796814
2025-05-09T18:44:19.828151,-1.7959438562393188,1.6725490093231201,-0.48380526900291443
2025-05-09T18:44:19.988480,-0.6670648455619812,-0.26145032048225403,-0.3274237811565399
2025-05-09T18:44:20.148846,-0.4337143301963806,-0.42638394236564636,-0.4153883755207062
2025-05-09T18:44:20.308603,0.6707300543785095,0.5277875661849976,0.5668829679489136
2025-05-09T18:44:20.467485,1.6236798763275146,0.6475171446800232,-0.33597588539123535
2025-05-09T18:44:20.626414,-0.19058994948863983,0.38240164518356323,-0.5021312236785889
2025-05-09T18:44:20.785716,0.2675589919090271,0.22602014243602753,0.3481931984424591
2025-05-09T18:44:20.946028,-0.5876523852348328,0.4642575979232788,0.13072516024112701
2025-05-09T18:44:21.105626,0.1368338167667389,-0.8881980776786804,-0.3628539443016052
2025-05-09T18:44:21.268049,0.1258382350206375,-0.4202753007411957,0.12950342893600464
2025-05-09T18:44:21.427390,0.18936823308467865,0.48380526900291443,0.588874101638794
2025-05-09T18:44:21.585877,0.788016140460968,0.08552113175392151,-0.2773328125476837
2025-05-09T18:44:21.744849,0.12461651116609573,-0.42760565876960754,0.15760323405265808
2025-05-09T18:44:21.905295,-0.4740314185619354,0.37262779474258423,0.4434881806373596
2025-05-09T18:44:22.066545,-1.0286970138549805,0.2015855312347412,0.1417207419872284
2025-05-09T18:44:22.225074,0.9578366875648499,-1.037249207496643,0.5632177591323853
2025-05-09T18:44:22.387170,0.3677408695220947,-0.5717698931694031,0.14294247329235077
2025-05-09T18:44:22.546727,0.9443976879119873,-0.0806342139840126,-0.16004669666290283
2025-05-09T18:44:22.704889,-0.14538592100143433,0.3384193480014801,-0.10018189996480942
2025-05-09T18:44:22.869707,0.4190535545349121,-0.504574716091156,0.23335053026676178
2025-05-09T18:44:23.025026,0.4202753007411957,0.2883284091949463,0.1966986060142517
2025-05-09T18:44:23.184465,-1.2229522466659546,0.05864306539297104,0.2993239760398865
2025-05-09T18:44:23.344784,-0.8112290501594543,-0.08307767659425735,-0.1466076523065567
2025-05-09T18:44:23.508497,0.6927211880683899,-0.2174680233001709,0.5363397002220154
2025-05-09T18:44:23.663998,0.9053022861480713,0.0757472887635231,-0.16004669666290283
2025-05-09T18:44:23.824091,-0.08674286305904388,-0.3237585723400116,-0.26511552929878235
2025-05-09T18:44:23.985320,-0.3017674386501312,0.1966986060142517,0.09162978827953339
2025-05-09T18:44:24.144482,0.4031710624694824,-0.045204028487205505,0.059864792972803116
2025-05-09T18:44:24.305166,-0.3017674386501312,-0.9810495972633362,-0.09040805697441101
2025-05-09T18:44:24.464475,-0.08796459436416626,-0.025656340643763542,-0.7965682744979858
2025-05-09T18:44:24.625990,-2.0647244453430176,0.3738495409488678,0.045204028487205505
2025-05-09T18:44:24.780944,-0.09040805697441101,0.4092797040939331,-0.6194173693656921
2025-05-09T18:44:24.948407,0.16249015927314758,-0.22113321721553802,-0.49724429845809937
2025-05-09T18:44:25.108149,-0.02687807008624077,0.36163222789764404,0.11239920556545258
2025-05-09T18:44:25.268357,0.1258382350206375,0.04153883829712868,0.33719760179519653
2025-05-09T18:44:25.427866,-0.19303341209888458,-0.4202753007411957,0.2993239760398865
2025-05-09T18:44:25.585828,0.9382890462875366,-0.38728857040405273,0.4948008358478546
2025-05-09T18:44:25.746457,0.2675589919090271,-0.06841690838336945,0.9382890462875366
2025-05-09T18:44:25.906001,0.6976081132888794,-0.2528982162475586,-0.2028072625398636
2025-05-09T18:44:26.063922,0.43737950921058655,-0.42638394236564636,-0.23335053026676178
2025-05-09T18:44:26.225726,-0.5546656250953674,-0.1319468915462494,-0.42760565876960754
2025-05-09T18:44:26.384846,-2.624277114868164,0.66584312915802,-1.6517796516418457
2025-05-09T18:44:26.544866,-3.1801645755767822,2.648711681365967,-1.0836749076843262
2025-05-09T18:44:26.703566,-0.16859880089759827,0.5705481171607971,0.4642575979232788
2025-05-09T18:44:26.864417,0.921184778213501,-0.960280179977417,0.05864306539297104
2025-05-09T18:44:27.023796,8.470257759094238,-1.0482447147369385,0.05375614017248154
2025-05-09T18:44:27.175601,-4.718323230743408,0.39706242084503174,-0.3628539443016052
2025-05-09T18:44:27.338978,-0.911410927772522,-0.5363397002220154,0.6401867866516113
2025-05-09T18:44:27.502883,-2.1844542026519775,-0.00366519158706069,1.2021827697753906
2025-05-09T18:44:27.661461,-1.7922786474227905,0.4202753007411957,2.758667469024658
2025-05-09T18:44:27.818002,-1.1582005023956299,-0.5558874011039734,1.95965576171875
2025-05-09T18:44:27.979956,-0.00855211354792118,-0.5876523852348328,0.5705481171607971
2025-05-09T18:44:28.137779,0.3543018400669098,-0.05864306539297104,0.24556782841682434
2025-05-09T18:44:28.298496,-0.24434609711170197,0.1319468915462494,-0.588874101638794
2025-05-09T18:44:28.458037,0.16982053220272064,-0.9321803450584412,-2.8991663455963135
2025-05-09T18:44:28.614768,0.2223549485206604,-2.674368143081665,-4.615697860717773
2025-05-09T18:44:28.774078,-1.3365731239318848,-1.0335839986801147,-4.813618183135986
2025-05-09T18:44:28.936051,-1.6481144428253174,-0.015882495790719986,-0.02321287989616394
2025-05-09T18:46:28.697920,-0.0757472887635231,-0.5167919993400574,0.3225368559360504
2025-05-09T18:46:28.844337,0.3543018400669098,-0.7513642311096191,0.5949827432632446
2025-05-09T18:46:29.095875,0.7672467231750488,0.06352998316287994,0.33597588539123535
2025-05-09T18:46:29.164899,1.2034045457839966,-0.5241223573684692,-0.21624629199504852
2025-05-09T18:54:01.557467,0.16371189057826996,-0.10751228034496307,0.0012217304902151227
2025-05-09T18:54:01.717423,0.4251621961593628,-0.2785545587539673,0.09773843735456467
2025-05-09T18:54:01.883646,-0.33719760179519653,0.3090978264808655,-0.39584067463874817
2025-05-09T18:54:02.036963,-0.24434609711170197,0.12950342893600464,-0.04153883829712868
2025-05-09T18:54:02.203757,0.27122417092323303,0.018325956538319588,0.23579397797584534
2025-05-09T18:54:02.364663,-0.20402899384498596,0.039095375686883926,0.42638394236564636
2025-05-09T18:54:02.523236,0.08552113175392151,-0.16737708449363708,0.1466076523065567
2025-05-09T18:54:02.683901,0.036651913076639175,-0.22113321721553802,0.042760565876960754
2025-05-09T18:54:02.842506,0.21502456068992615,-0.36651915311813354,0.35674530267715454
2025-05-09T18:54:02.997781,0.3066543638706207,0.20036379992961884,-0.21135938167572021
2025-05-09T18:54:03.157388,0.1062905490398407,0.036651913076639175,-0.31154128909111023
2025-05-09T18:54:03.318662,-0.1014036312699318,-0.004886921960860491,0.2687807083129883
2025-05-09T18:54:03.476910,-0.010995574295520782,-0.039095375686883926,0.16737708449363708
2025-05-09T18:54:03.637451,-0.07452555745840073,0.03420845419168472,-0.2981022298336029
2025-05-09T18:54:03.801603,-0.0708603709936142,-0.1014036312699318,-0.1270599663257599
2025-05-09T18:54:03.956932,0.29077184200286865,-0.31520646810531616,-0.04764748737215996
2025-05-09T18:54:04.121856,0.14905111491680145,0.5082398653030396,-0.608421802520752
2025-05-09T18:54:04.280762,0.024434609338641167,0.13927727937698364,-0.38117989897727966
2025-05-09T18:54:04.435375,-0.13927727937698364,0.21013765037059784,0.08429940044879913
2025-05-09T18:54:04.596263,0.23579397797584534,0.33719760179519653,0.15027284622192383
2025-05-10T18:17:48.566456,0.006108652334660292,0.00855211354792118,-0.004886921960860491
2025-05-10T18:17:48.709089,-0.024434609338641167,-0.012217304669320583,-0.028099801391363144
2025-05-10T18:17:48.751161,0.021991148591041565,-0.009773843921720982,0.025656340643763542
2025-05-10T18:17:48.914317,0.004886921960860491,0.02321287989616394,-0.024434609338641167
2025-05-10T18:17:49.070644,-0.05375614017248154,0.0,-0.04764748737215996
2025-05-10T18:17:49.229803,-0.004886921960860491,0.06963863968849182,-0.025656340643763542
2025-05-10T18:17:49.390397,-0.021991148591041565,0.004886921960860491,-0.01710422709584236
2025-05-10T18:17:49.559702,0.030543262138962746,0.00733038317412138,0.018325956538319588
2025-05-10T18:17:49.708065,-0.028099801391363144,0.013439035043120384,-0.019547687843441963
2025-05-10T18:17:49.875209,-0.018325956538319588,0.0,0.00733038317412138
2025-05-10T18:17:50.034606,0.01466076634824276,0.01710422709584236,-0.0024434609804302454
2025-05-10T18:17:50.187169,-0.004886921960860491,0.0024434609804302454,0.00733038317412138
2025-05-10T18:17:50.350196,-0.021991148591041565,-0.036651913076639175,0.02932153269648552
2025-05-10T18:17:50.509672,0.0708603709936142,-0.018325956538319588,-0.0024434609804302454
2025-05-10T18:17:50.666074,0.0012217304902151227,0.010995574295520782,0.004886921960860491
2025-05-10T18:17:50.826633,-0.006108652334660292,-0.024434609338641167,-0.00366519158706069
2025-05-10T18:17:50.986237,-0.015882495790719986,-0.03420845419168472,0.024434609338641167
2025-05-10T18:17:51.148787,0.02687807008624077,-0.028099801391363144,0.03298672288656235
2025-05-10T18:17:51.305388,0.012217304669320583,0.01710422709584236,-0.009773843921720982
2025-05-10T18:17:51.465442,-0.012217304669320583,0.013439035043120384,-0.0012217304902151227
2025-05-10T18:17:51.624884,-0.00855211354792118,0.006108652334660292,0.030543262138962746
2025-05-10T18:17:51.787165,-0.01466076634824276,0.03298672288656235,-0.012217304669320583
2025-05-10T18:17:51.945117,0.045204028487205505,0.00733038317412138,-0.012217304669320583
2025-05-10T18:17:52.103958,-0.024434609338641167,0.018325956538319588,-0.006108652334660292
2025-05-10T18:17:52.272007,-0.01466076634824276,0.0,0.0
2025-05-10T18:17:52.424104,-0.0024434609804302454,0.07819075137376785,0.03420845419168472
2025-05-10T18:17:52.585692,-0.04153883829712868,0.01710422709584236,0.013439035043120384
2025-05-10T18:17:52.742753,0.05253441259264946,-0.030543262138962746,0.02076941914856434
2025-05-10T18:17:52.902126,0.0403171069920063,-0.00733038317412138,0.00855211354792118
2025-05-10T18:17:53.062247,-0.018325956538319588,0.006108652334660292,0.012217304669320583
2025-05-10T18:17:53.222270,0.0024434609804302454,0.010995574295520782,-0.02932153269648552
2025-05-10T18:17:53.381152,0.013439035043120384,-0.00366519158706069,-0.045204028487205505
2025-05-10T18:17:53.541669,-0.07330382615327835,0.00855211354792118,0.02076941914856434
2025-05-10T18:17:53.701865,-0.006108652334660292,0.0012217304902151227,0.009773843921720982
2025-05-10T18:17:53.861719,0.00366519158706069,-0.015882495790719986,0.00855211354792118
2025-05-10T18:17:54.021130,0.00733038317412138,-0.010995574295520782,-0.00733038317412138
2025-05-10T18:17:54.181391,-0.021991148591041565,-0.019547687843441963,0.00366519158706069
2025-05-10T18:17:54.342077,-0.09162978827953339,0.039095375686883926,0.0
2025-05-10T18:17:54.501680,0.012217304669320583,0.02076941914856434,0.02932153269648552
2025-05-10T18:17:54.662556,-0.656069278717041,-0.0012217304902151227,0.045204028487205505
2025-05-10T18:17:54.822840,-0.8979719281196594,-0.03420845419168472,0.09162978827953339
2025-05-10T18:17:54.982823,-0.7354817390441895,-0.04886921867728233,-0.05375614017248154
2025-05-10T18:17:55.142799,-0.8258898258209229,-0.12828169763088226,-0.0012217304902151227
2025-05-10T18:17:55.302325,-0.10995574295520782,0.0012217304902151227,0.012217304669320583
2025-05-10T18:17:55.462026,0.46181413531303406,0.012217304669320583,0.09896016865968704
2025-05-10T18:17:55.622512,0.7648032903671265,0.10995574295520782,0.14416420459747314
2025-05-10T18:17:55.783082,0.9566149711608887,0.05742133408784866,0.1160643994808197
2025-05-10T18:17:55.947904,0.2968805134296417,0.05742133408784866,0.05009094998240471
2025-05-10T18:17:56.101707,-0.02687807008624077,0.02932153269648552,0.02076941914856434
2025-05-10T18:17:56.267467,0.06475171446800232,-0.02321287989616394,0.036651913076639175
2025-05-10T18:17:56.429419,-0.1014036312699318,-0.04398229718208313,0.08429940044879913
2025-05-10T18:17:56.589073,-0.12217304855585098,-0.19303341209888458,0.15271630883216858
2025-05-10T18:17:56.748157,-0.013439035043120384,-0.5632177591323853,0.08429940044879913
2025-05-10T18:17:56.907562,-0.0012217304902151227,-0.9175195693969727,0.5009095072746277
2025-05-10T18:17:57.067407,-0.0354301854968071,-1.0250319242477417,0.3628539443016052
2025-05-10T18:17:57.224171,-0.09896016865968704,-0.988379955291748,0.4703662395477295
2025-05-10T18:17:57.379170,-0.08307767659425735,-0.5412266254425049,0.5510004758834839
2025-05-10T18:17:57.543240,-0.06352998316287994,-0.07208210229873657,0.1111774742603302
2025-05-10T18:17:57.702525,0.08674286305904388,0.1466076523065567,-0.13561208546161652
2025-05-10T18:17:57.858071,-0.1417207419872284,0.8833111524581909,-0.675616979598999
2025-05-10T18:17:58.018052,0.31642818450927734,1.1948524713516235,-0.4764748811721802
2025-05-10T18:17:58.182481,0.251676470041275,0.9321803450584412,-0.32498031854629517
2025-05-10T18:17:58.345176,0.036651913076639175,0.4813618063926697,-0.16249015927314758
2025-05-10T18:17:58.506149,-0.06230825558304787,0.14294247329235077,-0.059864792972803116
2025-05-10T18:17:58.665405,-0.08918632566928864,-0.03176499158143997,0.07330382615327835
2025-05-10T18:17:58.823285,0.004886921960860491,0.051312681287527084,-0.024434609338641167
2025-05-10T18:17:58.981099,0.1466076523065567,0.02076941914856434,-0.0757472887635231
2025-05-10T18:17:59.144117,-0.04764748737215996,-0.018325956538319588,-0.06230825558304787
2025-05-10T18:17:59.296045,-0.0354301854968071,-0.042760565876960754,-0.00733038317412138
2025-05-10T18:17:59.454571,-0.1014036312699318,0.00366519158706069,-0.03787364438176155
2025-05-10T18:17:59.614120,-0.006108652334660292,0.01466076634824276,0.059864792972803116
2025-05-10T18:17:59.775648,0.03787364438176155,0.06841690838336945,-0.05742133408784866
2025-05-10T18:17:59.935925,-1.1081095933914185,0.2541199326515198,-0.47769662737846375
2025-05-10T18:18:00.095145,-4.243070125579834,0.27122417092323303,-0.9236282706260681
2025-05-10T18:18:00.255477,-3.6114354133605957,0.4862487316131592,0.3579670190811157
2025-05-10T18:18:00.417637,-0.5876523852348328,0.2370157092809677,0.6108652353286743
2025-05-10T18:18:00.572845,1.4758504629135132,0.13561208546161652,0.47280970215797424
2025-05-10T18:18:00.733638,3.0494391918182373,-0.3481931984424591,0.024434609338641167
2025-05-10T18:18:00.894909,4.923573970794678,-0.6487388610839844,-0.10873401165008545
2025-05-10T18:18:01.057619,1.3964380025863647,-0.4141666293144226,0.10018189996480942
2025-05-10T18:18:01.223151,0.18448130786418915,-0.051312681287527084,0.1111774742603302
2025-05-10T18:18:01.383354,0.1258382350206375,-0.04153883829712868,-0.03420845419168472
2025-05-10T18:18:01.538863,-0.06963863968849182,0.024434609338641167,0.0354301854968071
2025-05-10T18:18:01.698532,-0.1661553531885147,0.009773843921720982,0.08552113175392151
2025-05-10T18:18:02.123219,0.05253441259264946,0.013439035043120384,-0.22968533635139465
2025-05-10T18:18:02.169781,0.07941248267889023,0.02687807008624077,0.05009094998240471
2025-05-10T18:18:02.395113,0.004886921960860491,0.03420845419168472,-0.03787364438176155
2025-05-10T18:18:02.490537,-0.06963863968849182,0.009773843921720982,0.02321287989616394
2025-05-10T18:18:02.651425,-0.015882495790719986,0.019547687843441963,0.009773843921720982
2025-05-10T18:18:02.809482,-0.00366519158706069,-0.019547687843441963,0.00366519158706069
2025-05-10T18:18:02.968839,0.0354301854968071,-0.03420845419168472,-0.17592918872833252
2025-05-10T18:18:03.128795,-0.09407325088977814,-0.01710422709584236,0.17348572611808777
2025-05-10T18:18:03.294477,-0.08185594528913498,0.03787364438176155,0.00855211354792118
2025-05-10T18:18:03.446752,-0.012217304669320583,0.025656340643763542,0.024434609338641167
2025-05-10T18:18:03.612324,-0.021991148591041565,-0.009773843921720982,0.013439035043120384
2025-05-10T18:18:03.774540,-0.018325956538319588,0.019547687843441963,0.006108652334660292
2025-05-10T18:18:03.933822,0.0012217304902151227,-0.004886921960860491,0.021991148591041565
2025-05-10T18:18:04.090050,0.009773843921720982,0.006108652334660292,0.00733038317412138
2025-05-10T18:18:04.252748,0.006108652334660292,-0.030543262138962746,-0.00366519158706069
2025-05-10T18:18:04.411163,-0.042760565876960754,-0.00733038317412138,0.0354301854968071
2025-05-10T18:18:04.572383,0.06352998316287994,-0.015882495790719986,-0.12095131725072861
2025-05-10T18:18:04.727632,-0.09529497474431992,0.03298672288656235,-0.006108652334660292
2025-05-10T18:18:04.888212,-0.09285151958465576,0.021991148591041565,0.45814892649650574
2025-05-10T18:18:05.045835,0.05619960278272629,0.03176499158143997,-0.1368338167667389
2025-05-10T18:18:05.209013,-0.06475171446800232,0.015882495790719986,0.03298672288656235
2025-05-10T18:18:05.369586,-0.00366519158706069,-0.02687807008624077,0.030543262138962746
2025-05-10T18:18:05.529171,-0.015882495790719986,0.009773843921720982,0.0024434609804302454
2025-05-10T18:18:05.688602,-0.013439035043120384,-0.0024434609804302454,-0.013439035043120384
2025-05-10T18:18:05.849745,-0.025656340643763542,0.010995574295520782,-0.006108652334660292
2025-05-10T18:18:06.008083,-0.019547687843441963,-0.004886921960860491,-0.02076941914856434
2025-05-10T18:18:06.164301,0.05375614017248154,0.013439035043120384,-0.16859880089759827
2025-05-10T18:18:06.327694,0.04886921867728233,-0.024434609338641167,0.01466076634824276
2025-05-10T18:18:06.487613,0.14049901068210602,-0.0757472887635231,-0.23335053026676178
2025-05-10T18:18:06.644176,0.1270599663257599,-0.2541199326515198,0.21380282938480377
2025-05-10T18:18:06.807518,0.042760565876960754,-0.2638937830924988,-0.16982053220272064
2025-05-10T18:18:06.965765,-0.0403171069920063,-0.09529497474431992,-0.04398229718208313
2025-05-10T18:18:07.126637,-0.1111774742603302,-0.09896016865968704,-0.22113321721553802
2025-05-10T18:18:07.277755,-0.2064724564552307,0.16371189057826996,0.3799581825733185
2025-05-10T18:18:07.436758,-0.21135938167572021,0.5827654600143433,0.03298672288656235
2025-05-10T18:18:07.597495,-0.04153883829712868,0.0354301854968071,0.05009094998240471
2025-05-10T18:18:07.756317,-0.021991148591041565,0.06108652427792549,0.05009094998240471
2025-05-10T18:18:07.923656,-0.04886921867728233,0.08307767659425735,0.09773843735456467
2025-05-10T18:18:08.076127,0.059864792972803116,0.1869247704744339,0.15027284622192383
2025-05-10T18:18:08.240788,0.06230825558304787,0.04153883829712868,0.009773843921720982
2025-05-10T18:18:08.399110,-0.015882495790719986,0.05619960278272629,-0.009773843921720982
2025-05-10T18:18:08.559280,-0.009773843921720982,0.03420845419168472,-0.004886921960860491
2025-05-10T18:18:08.718639,0.018325956538319588,0.0012217304902151227,0.039095375686883926
2025-05-10T18:18:08.877443,0.0,-0.02932153269648552,0.036651913076639175
2025-05-10T18:18:09.037178,-0.02076941914856434,-0.012217304669320583,0.009773843921720982
2025-05-10T18:18:09.197145,0.013439035043120384,-0.009773843921720982,-0.01466076634824276
2025-05-10T18:18:09.356828,0.039095375686883926,0.013439035043120384,-0.07941248267889023
2025-05-10T18:18:09.514255,-0.0012217304902151227,0.02321287989616394,0.028099801391363144
2025-05-10T18:18:09.673593,0.04886921867728233,-0.03787364438176155,0.028099801391363144
2025-05-10T18:18:09.832815,0.015882495790719986,-0.006108652334660292,0.019547687843441963
2025-05-10T18:18:09.995769,0.030543262138962746,-0.01466076634824276,-0.010995574295520782
2025-05-10T18:18:10.154132,-0.06475171446800232,0.018325956538319588,-0.025656340643763542
2025-05-10T18:18:10.312587,0.00366519158706069,0.006108652334660292,-0.0659734457731247
2025-05-10T18:18:10.471944,-0.01710422709584236,0.015882495790719986,-0.013439035043120384
2025-05-10T18:18:10.633194,-0.00733038317412138,-0.015882495790719986,-0.0024434609804302454
2025-05-10T18:18:10.793066,-0.012217304669320583,0.03176499158143997,0.006108652334660292
2025-05-10T18:18:10.954495,-0.09407325088977814,0.04398229718208313,0.01466076634824276
2025-05-10T18:18:11.110629,0.004886921960860491,-0.00855211354792118,-0.02076941914856434
2025-05-10T18:18:11.270357,-0.01466076634824276,0.02932153269648552,-0.045204028487205505
2025-05-10T18:18:11.430459,-0.019547687843441963,0.018325956538319588,-0.00733038317412138
2025-05-10T18:18:11.590775,-0.013439035043120384,0.009773843921720982,0.0012217304902151227
2025-05-10T18:18:11.749437,-0.03298672288656235,0.02321287989616394,-0.030543262138962746
2025-05-10T18:18:11.908944,0.021991148591041565,-0.00855211354792118,0.006108652334660292
2025-05-10T18:18:12.069386,-0.028099801391363144,0.0024434609804302454,0.013439035043120384
2025-05-10T18:18:12.229334,-0.0708603709936142,-0.00855211354792118,0.02076941914856434
2025-05-10T18:18:12.387767,0.030543262138962746,0.015882495790719986,-0.028099801391363144
2025-05-10T18:18:12.548214,0.00855211354792118,0.015882495790719986,0.00855211354792118
2025-05-10T18:18:12.708958,-0.030543262138962746,0.045204028487205505,0.013439035043120384
2025-05-10T18:18:12.868212,0.03298672288656235,0.00733038317412138,-0.00855211354792118
2025-05-10T18:18:13.029828,-0.010995574295520782,0.006108652334660292,0.013439035043120384
2025-05-10T18:18:13.186116,-0.009773843921720982,-0.019547687843441963,0.018325956538319588
2025-05-10T18:18:13.347598,-0.05497787147760391,0.00366519158706069,-0.030543262138962746
2025-05-10T18:18:13.505959,0.15027284622192383,-0.0012217304902151227,0.1258382350206375
2025-05-10T18:18:13.665536,-0.019547687843441963,-0.013439035043120384,0.009773843921720982
2025-05-10T18:18:13.827629,0.015882495790719986,0.019547687843441963,-0.018325956538319588
2025-05-10T18:18:13.986203,-0.11850785464048386,0.019547687843441963,0.009773843921720982
2025-05-10T18:18:14.145343,-0.07696902006864548,0.01710422709584236,-0.021991148591041565
2025-05-10T18:18:14.305938,0.36651915311813354,-0.2125810980796814,0.2981022298336029
2025-05-10T18:18:14.465024,0.018325956538319588,-0.00733038317412138,-0.14049901068210602
2025-05-10T18:18:14.625746,0.0024434609804302454,0.004886921960860491,0.06963863968849182
2025-05-10T18:18:14.786095,-0.06841690838336945,-0.028099801391363144,0.08552113175392151
2025-05-10T18:18:14.945842,-0.08796459436416626,-0.0354301854968071,0.06841690838336945
2025-05-10T18:18:15.106275,-2.3628268241882324,-0.05619960278272629,-0.5595525503158569
2025-05-10T18:18:15.266581,-5.029864311218262,-0.02076941914856434,-0.0403171069920063
2025-05-10T18:18:15.426303,-1.5943583250045776,0.19547687470912933,0.5717698931694031
2025-05-10T18:18:15.569046,-0.7843509912490845,-0.07819075137376785,0.45814892649650574
2025-05-10T18:18:15.724679,0.24678955972194672,-0.10384709388017654,0.18325957655906677
2025-05-10T18:18:15.885275,0.2321287989616394,-0.05742133408784866,-0.05742133408784866
2025-05-10T18:18:17.165183,0.1722639948129654,0.04764748737215996,0.12339477986097336
2025-05-10T18:20:15.471991,-0.02932153269648552,0.006108652334660292,-0.03176499158143997
2025-05-10T18:20:15.623686,0.030543262138962746,0.010995574295520782,-0.004886921960860491
2025-05-10T18:20:15.784732,-0.24923302233219147,-0.012217304669320583,-0.14782938361167908
2025-05-10T18:20:15.940364,-0.32131510972976685,0.10262536257505417,-0.23090706765651703
2025-05-10T18:20:16.099552,0.1661553531885147,-0.05009094998240471,0.11484266817569733
2025-05-10T18:20:16.259904,0.14294247329235077,0.030543262138962746,0.20402899384498596
2025-05-10T18:20:16.418983,-0.3628539443016052,0.04153883829712868,0.012217304669320583
2025-05-10T18:20:16.582907,0.03787364438176155,-0.0024434609804302454,0.1160643994808197
2025-05-10T18:24:05.445726,0.7843509912490845,-2.0891592502593994,0.48380526900291443
2025-05-10T18:24:05.590423,-0.8698720932006836,-2.685363531112671,1.3365731239318848
2025-05-10T18:24:05.748794,-6.122091293334961,1.598023533821106,1.1520918607711792
2025-05-10T18:24:05.907301,1.0494664907455444,0.06719517707824707,-0.22479841113090515
2025-05-10T18:24:06.067778,-1.0005972385406494,0.5607742667198181,1.3377948999404907
2025-05-10T18:24:06.227122,6.421415328979492,-1.93766450881958,0.3188716471195221
2025-05-10T18:24:06.386527,-5.451361656188965,2.8258626461029053,-1.1557570695877075
2025-05-10T18:24:06.545733,0.5021312236785889,1.8973474502563477,-0.4996877610683441
2025-05-10T18:24:06.706165,-3.4941492080688477,2.972470283508301,-0.1722639948129654
2025-05-10T18:24:06.864965,0.6536257863044739,1.33168625831604,-0.19425514340400696
2025-05-10T18:24:07.024591,-0.06475171446800232,1.6591099500656128,0.9199630618095398
2025-05-10T18:24:07.184380,-0.05742133408784866,-0.5204572081565857,0.03176499158143997
2025-05-10T18:24:07.344072,-0.004886921960860491,0.00733038317412138,0.0012217304902151227
2025-05-10T18:24:07.504061,-0.004886921960860491,-0.006108652334660292,0.0012217304902151227
2025-05-10T18:24:07.664027,-0.0024434609804302454,0.004886921960860491,0.0012217304902151227
2025-05-10T18:24:07.823742,-0.00366519158706069,0.004886921960860491,0.0012217304902151227
2025-05-10T18:24:07.982994,-0.00366519158706069,0.0024434609804302454,0.0012217304902151227
2025-05-10T18:24:08.144343,-0.0012217304902151227,0.0012217304902151227,0.0024434609804302454
2025-05-10T18:24:08.304141,-0.0012217304902151227,0.0024434609804302454,0.0012217304902151227
2025-05-10T18:24:08.462966,-0.0012217304902151227,0.0012217304902151227,0.0012217304902151227
2025-05-12T10:08:12.102934,0.006108652334660292,0.00855211354792118,-0.004886921960860491
2025-05-12T10:08:12.114952,0.08918632566928864,-0.6633996367454529,-1.5051720142364502
2025-05-12T10:08:12.115377,1.3280210494995117,0.030543262138962746,-1.2412781715393066
2025-05-12T10:08:12.115699,0.010995574295520782,1.0995573997497559,-0.8869763612747192
2025-05-12T10:08:12.116114,0.3604104816913605,2.3933699131011963,0.11972958594560623
2025-05-12T10:08:12.116543,-0.23335053026676178,0.8723155856132507,0.13561208546161652
2025-05-12T10:08:12.116962,-1.6102408170700073,-4.533842086791992,-0.07819075137376785
2025-05-12T10:08:12.117261,-0.06719517707824707,-0.03420845419168472,-0.9272934198379517
2025-05-12T10:08:12.117506,0.9553932547569275,1.1850786209106445,0.46792277693748474
2025-05-12T10:08:12.117773,0.36529740691185,0.18325957655906677,-0.36529740691185
2025-05-12T10:08:12.118037,0.1722639948129654,0.08307767659425735,0.6194173693656921
2025-05-12T10:08:12.119329,-0.6145304441452026,-0.1014036312699318,0.455705463886261
2025-05-12T10:08:12.119513,0.7867944240570068,0.039095375686883926,0.15882496535778046
2025-05-12T10:08:12.119623,1.2877039909362793,-0.051312681287527084,0.9541715383529663
2025-05-12T10:08:12.119707,1.056796908378601,-0.7024950385093689,-0.46303585171699524
2025-05-12T10:08:12.119804,-0.47280970215797424,-0.50335294008255,0.3640756905078888
2025-05-12T10:08:12.119896,-0.750142514705658,1.1191051006317139,0.8845328688621521
2025-05-12T10:08:12.119975,0.44715335965156555,-0.12828169763088226,0.46547931432724
2025-05-12T10:08:12.120068,0.22113321721553802,-0.039095375686883926,0.0354301854968071
2025-05-12T10:08:12.120809,-0.19547687470912933,0.07696902006864548,-0.6340781450271606
2025-05-12T10:08:12.120895,-0.7819074988365173,0.0757472887635231,-0.2370157092809677
2025-05-12T10:08:12.120988,-0.20891591906547546,-0.1270599663257599,0.06230825558304787
2025-05-12T10:08:12.121088,-0.06719517707824707,0.039095375686883926,-0.17837265133857727
2025-05-12T10:08:12.122,0.8038986921310425,-0.2822197377681732,-0.7440338730812073
2025-05-12T10:08:12.122469,0.46303585171699524,-0.1014036312699318,0.11484266817569733
2025-05-12T10:08:12.122903,-0.051312681287527084,-0.08552113175392151,0.08185594528913498
2025-05-12T10:08:12.123018,-0.039095375686883926,-0.2382374405860901,-0.24190263450145721
2025-05-12T10:08:12.123692,0.38728857040405273,0.018325956538319588,0.8662069439888
2025-05-12T10:08:12.124021,-0.1417207419872284,0.28955012559890747,0.2064724564552307
2025-05-12T10:08:12.124679,0.12950342893600464,-0.13439035415649414,0.24678955972194672
2025-05-12T10:08:12.124803,-0.3701843321323395,0.3689626157283783,0.5216789245605469
2025-05-12T10:08:12.124901,-0.779464066028595,0.4642575979232788,-1.0519099235534668
2025-05-12T10:08:12.124982,0.37751471996307373,-0.07208210229873657,-0.06352998316287994
2025-05-12T10:08:12.125078,-0.0024434609804302454,0.24556782841682434,-0.3139847218990326
2025-05-12T10:08:12.125176,-0.004886921960860491,0.0,0.0
2025-05-12T10:08:12.125254,0.0,0.0,0.0024434609804302454
2025-05-12T10:08:12.125339,-0.004886921960860491,-0.0012217304902151227,0.0012217304902151227
2025-05-12T10:08:12.125584,-0.00366519158706069,0.0012217304902151227,0.0
2025-05-12T10:08:12.125676,0.03298672288656235,-0.0012217304902151227,-0.039095375686883926
2025-05-12T10:08:12.125767,0.2480112910270691,-0.1014036312699318,-0.024434609338641167
2025-05-12T10:08:12.125854,0.14905111491680145,0.012217304669320583,-0.01466076634824276
2025-05-12T10:08:12.125935,0.11728613078594208,0.10873401165008545,-0.013439035043120384
2025-05-12T10:08:12.126023,-0.6536257863044739,-0.009773843921720982,-0.04764748737215996
2025-05-12T10:08:12.128397,0.3188716471195221,0.015882495790719986,0.11850785464048386
2025-05-12T10:08:12.129002,-0.00733038317412138,-0.0024434609804302454,-0.00366519158706069
2025-05-12T10:08:12.129408,-0.010995574295520782,0.0,-0.0024434609804302454
2025-05-12T10:08:12.129713,0.13561208546161652,0.2370157092809677,0.23335053026676178
2025-05-12T10:08:12.129978,0.6108652353286743,0.7379252314567566,-0.045204028487205505
2025-05-12T10:08:12.130717,-0.7709119319915771,0.7183775305747986,-0.44104471802711487
2025-05-12T10:08:12.131040,0.01466076634824276,-0.009773843921720982,0.0
2025-05-12T10:08:12.131292,0.021991148591041565,-0.006108652334660292,0.0012217304902151227
2025-05-12T10:08:12.131568,0.012217304669320583,0.006108652334660292,0.03787364438176155
2025-05-12T10:08:12.131680,0.00366519158706069,-0.021991148591041565,-0.009773843921720982
2025-05-12T10:08:12.131763,0.00855211354792118,-0.00366519158706069,0.0
2025-05-12T10:08:12.131856,-0.0024434609804302454,-0.00855211354792118,-0.00366519158706069
2025-05-12T10:08:12.131931,0.009773843921720982,-0.045204028487205505,-0.13072516024112701
2025-05-12T10:08:12.132023,0.26511552929878235,-0.042760565876960754,-0.0659734457731247
2025-05-12T10:08:12.132117,0.09162978827953339,-0.08552113175392151,-0.018325956538319588
2025-05-12T10:08:12.132261,0.05497787147760391,-0.05375614017248154,-0.018325956538319588
2025-05-12T10:08:12.132341,-0.2590068578720093,-0.06719517707824707,0.03420845419168472
2025-05-12T10:08:12.132436,0.02932153269648552,-0.06963863968849182,-0.13927727937698364
2025-05-12T10:08:12.132525,0.11972958594560623,-0.02076941914856434,-0.07696902006864548
2025-05-12T10:08:12.132601,-0.19792033731937408,-0.08429940044879913,0.19914206862449646
2025-05-12T10:08:12.132690,-0.05375614017248154,-0.009773843921720982,0.0708603709936142
2025-05-12T10:08:12.132784,-0.10873401165008545,-0.01710422709584236,-0.02321287989616394
2025-05-12T10:08:12.132864,-0.11362093687057495,-0.1368338167667389,-0.10751228034496307
2025-05-12T10:08:12.132953,-0.21502456068992615,-0.051312681287527084,-0.1062905490398407
2025-05-12T10:08:12.133040,0.2834414839744568,0.2125810980796814,0.2076941877603531
2025-05-12T10:08:12.272926,-0.006108652334660292,0.00733038317412138,0.0012217304902151227
2025-05-12T10:08:12.329566,0.004886921960860491,0.00855211354792118,0.0024434609804302454
2025-05-12T10:08:12.487868,0.012217304669320583,0.0024434609804302454,-0.0012217304902151227
2025-05-12T10:08:12.650955,0.00366519158706069,-0.006108652334660292,-0.0012217304902151227
2025-05-12T10:08:12.809293,0.012217304669320583,0.0,0.0024434609804302454
2025-05-12T10:08:12.972847,-0.0024434609804302454,-0.012217304669320583,0.0
2025-05-12T10:08:13.129042,0.0024434609804302454,-0.00733038317412138,0.006108652334660292
2025-05-12T10:08:13.289360,0.015882495790719986,0.018325956538319588,-0.0024434609804302454
2025-05-12T10:08:13.456043,0.00733038317412138,-0.0024434609804302454,-0.004886921960860491
2025-05-12T10:08:13.615534,0.004886921960860491,0.0012217304902151227,-0.0024434609804302454
2025-05-12T10:08:13.774736,0.00855211354792118,-0.019547687843441963,0.0012217304902151227
2025-05-12T10:08:13.934240,0.00855211354792118,-0.0012217304902151227,0.00366519158706069
2025-05-12T10:08:14.095048,0.009773843921720982,0.004886921960860491,-0.0354301854968071
2025-05-12T10:08:14.253229,0.00733038317412138,0.0012217304902151227,-0.01466076634824276
2025-05-12T10:08:14.415303,-0.00733038317412138,-0.010995574295520782,0.01466076634824276
2025-05-12T10:08:14.574836,0.010995574295520782,0.0024434609804302454,0.01466076634824276
2025-05-12T10:08:14.734627,0.025656340643763542,0.00733038317412138,-0.00733038317412138
2025-05-12T10:08:14.893244,0.015882495790719986,0.0,0.0024434609804302454
2025-05-12T10:08:15.052057,0.025656340643763542,0.0024434609804302454,0.013439035043120384
2025-05-12T10:08:15.213714,0.045204028487205505,0.036651913076639175,-0.006108652334660292
2025-05-12T10:08:15.366453,0.025656340643763542,-0.018325956538319588,-0.01466076634824276
2025-05-12T10:08:15.526928,0.021991148591041565,0.0354301854968071,-0.02932153269648552
2025-05-12T10:08:15.686888,0.006108652334660292,0.00855211354792118,-0.0012217304902151227
2025-05-12T10:08:15.847613,0.00733038317412138,-0.004886921960860491,0.00855211354792118
2025-05-12T10:08:16.007830,0.00733038317412138,0.004886921960860491,0.02076941914856434
2025-05-12T10:08:16.165710,0.04398229718208313,-0.00366519158706069,-0.02687807008624077
2025-05-12T10:08:16.326463,-0.004886921960860491,0.006108652334660292,0.013439035043120384
2025-05-12T10:08:16.486434,-0.00366519158706069,-0.024434609338641167,0.012217304669320583
2025-05-12T10:08:16.646466,0.0012217304902151227,0.013439035043120384,-0.01466076634824276
2025-05-12T10:08:16.808092,-0.12095131725072861,-0.02687807008624077,0.0024434609804302454
2025-05-12T10:08:16.965865,-0.1319468915462494,0.14782938361167908,-0.13927727937698364
2025-05-12T10:08:17.126916,-0.03176499158143997,0.4337143301963806,-0.34208452701568604
2025-05-12T10:08:17.286608,-1.291369080543518,0.11362093687057495,-0.3139847218990326
2025-05-12T10:08:17.445328,-0.8478809595108032,0.1869247704744339,-0.01710422709584236
2025-05-12T10:08:17.609983,0.036651913076639175,0.2480112910270691,-0.07696902006864548
2025-05-12T10:08:17.770555,0.9676105380058289,-0.030543262138962746,0.1111774742603302
2025-05-12T10:08:17.931613,0.31031954288482666,-0.01710422709584236,0.3139847218990326
2025-05-12T10:08:18.093298,-0.19914206862449646,0.17592918872833252,0.05497787147760391
2025-05-12T10:08:18.253172,-0.015882495790719986,0.0354301854968071,0.0
2025-05-12T10:08:18.411596,-0.20036379992961884,-0.010995574295520782,0.08429940044879913
2025-05-12T10:08:18.570922,-0.08918632566928864,0.019547687843441963,-0.010995574295520782
2025-05-12T10:08:18.730942,0.006108652334660292,0.015882495790719986,0.00855211354792118
2025-05-12T10:08:18.890390,0.19547687470912933,0.0024434609804302454,0.05253441259264946
2025-05-12T10:08:19.051723,0.3787364661693573,0.09651670604944229,0.059864792972803116
2025-05-12T10:08:19.214748,0.3274237811565399,-0.08429940044879913,-0.028099801391363144
2025-05-12T10:08:19.370291,0.1319468915462494,0.04153883829712868,0.05497787147760391
2025-05-12T10:08:19.523758,-0.019547687843441963,-0.004886921960860491,0.07452555745840073
2025-05-12T10:08:19.687363,-0.17592918872833252,-0.03298672288656235,0.05864306539297104
2025-05-12T10:08:19.848007,0.1869247704744339,-0.19425514340400696,0.06352998316287994
2025-05-12T10:08:20.008455,0.12339477986097336,-0.33475416898727417,0.21624629199504852
2025-05-12T10:08:20.169650,0.07330382615327835,-0.21868975460529327,-0.19425514340400696
2025-05-12T10:08:20.324972,0.16493362188339233,-0.2675589919090271,-0.04642575979232788
2025-05-12T10:08:20.487152,0.1820378452539444,-0.06963863968849182,0.0012217304902151227
2025-05-12T10:08:20.648956,1.0018190145492554,0.0708603709936142,-0.11362093687057495
2025-05-12T10:08:20.806851,0.2064724564552307,-0.15515977144241333,-0.3323107063770294
2025-05-12T10:08:20.966650,-0.14049901068210602,0.03176499158143997,-0.14538592100143433
2025-05-12T10:08:21.121799,0.06841690838336945,0.39584067463874817,0.3738495409488678
2025-05-12T10:08:21.279116,-0.08674286305904388,-0.02932153269648552,0.013439035043120384
2025-05-12T10:08:21.439690,-0.04153883829712868,-0.02321287989616394,-0.01466076634824276
2025-05-12T10:08:21.605173,-0.00366519158706069,0.018325956538319588,0.004886921960860491
2025-05-12T10:08:21.767246,0.02321287989616394,0.019547687843441963,0.0012217304902151227
2025-05-12T10:08:21.926543,0.06352998316287994,0.07696902006864548,-0.09407325088977814
2025-05-12T10:08:22.078723,0.045204028487205505,-0.06963863968849182,0.03298672288656235
2025-05-12T10:08:22.243688,0.16493362188339233,0.01466076634824276,0.47280970215797424
2025-05-12T10:08:22.399437,0.10506882518529892,-0.12461651116609573,-0.025656340643763542
2025-05-12T10:08:22.559329,-0.3335324227809906,-0.16982053220272064,-0.16737708449363708
2025-05-12T10:08:22.718470,-0.030543262138962746,0.07696902006864548,-0.006108652334660292
2025-05-12T10:08:22.877020,0.0,0.015882495790719986,-0.028099801391363144
2025-05-12T10:08:23.037376,0.015882495790719986,0.03176499158143997,-0.0354301854968071
2025-05-12T10:08:23.219883,0.02932153269648552,0.028099801391363144,-0.09040805697441101
2025-05-12T10:08:23.357531,0.03298672288656235,0.021991148591041565,0.08429940044879913
2025-05-12T10:08:23.518670,-0.05375614017248154,-0.02321287989616394,-0.0024434609804302454
2025-05-12T10:08:23.678156,-0.00366519158706069,-0.021991148591041565,-0.04398229718208313
2025-05-12T10:08:23.837372,0.013439035043120384,0.0012217304902151227,-0.010995574295520782
2025-05-12T10:08:24.000669,0.2015855312347412,0.20402899384498596,0.07452555745840073
2025-05-12T10:08:24.158273,0.019547687843441963,-0.004886921960860491,0.0
2025-05-12T10:08:24.319223,0.042760565876960754,0.0012217304902151227,0.1014036312699318
2025-05-12T10:08:24.478267,0.012217304669320583,0.010995574295520782,-0.004886921960860491
2025-05-12T10:08:24.639233,0.00855211354792118,0.0403171069920063,-0.04764748737215996
2025-05-12T10:08:24.797485,-0.07696902006864548,-0.00733038317412138,-0.0024434609804302454
2025-05-12T10:08:24.958416,0.03787364438176155,0.010995574295520782,-0.00366519158706069
2025-05-12T10:08:25.118147,0.03787364438176155,-0.00733038317412138,0.00855211354792118
2025-05-12T10:08:25.278971,0.03787364438176155,0.00733038317412138,-0.0024434609804302454
2025-05-12T10:08:25.439257,0.0012217304902151227,-0.0024434609804302454,-0.009773843921720982
2025-05-12T10:08:25.597435,0.028099801391363144,0.012217304669320583,0.015882495790719986
2025-05-12T10:08:25.756862,0.013439035043120384,-0.0012217304902151227,-0.00733038317412138
2025-05-12T10:08:25.921541,0.01466076634824276,-0.004886921960860491,0.006108652334660292
2025-05-12T10:08:26.123043,-0.00733038317412138,-0.00855211354792118,0.0024434609804302454
2025-05-12T10:08:26.234384,0.028099801391363144,0.010995574295520782,-0.0024434609804302454
2025-05-12T10:08:26.394032,0.0012217304902151227,0.00855211354792118,-0.006108652334660292
2025-05-12T10:08:26.560492,-0.02076941914856434,0.00733038317412138,-0.004886921960860491
2025-05-12T10:08:26.719748,-0.04153883829712868,0.015882495790719986,-0.019547687843441963
2025-05-12T10:08:26.875733,-0.04153883829712868,-0.012217304669320583,-0.02076941914856434
2025-05-12T10:08:27.034316,-0.04398229718208313,-0.00855211354792118,-0.009773843921720982
2025-05-12T10:08:27.194624,0.012217304669320583,-0.004886921960860491,-0.009773843921720982
2025-05-12T10:08:27.356749,-0.07819075137376785,-0.06841690838336945,-0.010995574295520782
2025-05-12T10:08:27.513313,0.05253441259264946,0.05009094998240471,-0.0024434609804302454
2025-05-12T10:08:27.673729,0.018325956538319588,0.025656340643763542,-0.0024434609804302454
2025-05-12T10:08:27.834497,0.012217304669320583,0.013439035043120384,-0.009773843921720982
2025-05-12T10:08:27.994610,-0.02932153269648552,-0.028099801391363144,0.012217304669320583
2025-05-12T10:08:28.151777,0.009773843921720982,0.0024434609804302454,0.0024434609804302454
2025-05-12T10:08:28.313610,0.02321287989616394,0.009773843921720982,0.00855211354792118
2025-05-12T10:08:28.472603,0.00855211354792118,0.01710422709584236,0.006108652334660292
2025-05-12T10:08:28.633419,-0.06719517707824707,0.039095375686883926,0.004886921960860491
2025-05-12T10:08:28.792583,-0.07819075137376785,0.10751228034496307,0.16493362188339233
2025-05-12T10:08:28.954360,-0.06230825558304787,0.19914206862449646,0.07452555745840073
2025-05-12T10:08:29.122027,-0.1111774742603302,0.10018189996480942,-0.0806342139840126
2025-05-12T10:08:29.279040,0.012217304669320583,0.1771509200334549,-0.08918632566928864
2025-05-12T10:08:29.433219,-0.2736676335334778,0.22968533635139465,-0.1466076523065567
2025-05-12T10:08:29.597851,-0.6328563690185547,0.08552113175392151,-0.02932153269648552
2025-05-12T10:08:29.758014,-0.4593706727027893,-0.006108652334660292,0.06963863968849182
2025-05-12T10:08:29.917637,-0.15882496535778046,-0.028099801391363144,0.12461651116609573
2025-05-12T10:08:30.075435,-0.39584067463874817,-0.1014036312699318,0.05375614017248154
2025-05-12T10:08:30.234679,-1.0580185651779175,0.059864792972803116,0.07696902006864548
2025-05-12T10:08:30.395764,0.21624629199504852,-0.05253441259264946,0.03298672288656235
2025-05-12T10:08:30.555766,-0.7110471725463867,-0.05619960278272629,0.10262536257505417
2025-05-12T10:08:30.714143,0.1319468915462494,-0.019547687843441963,0.039095375686883926
2025-05-12T10:08:30.875203,0.1014036312699318,-0.05375614017248154,0.021991148591041565
2025-05-12T10:08:31.035634,0.06230825558304787,0.1062905490398407,0.059864792972803116
2025-05-12T10:08:31.193054,-0.45326200127601624,-0.01466076634824276,-0.07819075137376785
2025-05-12T10:08:31.353955,-0.0024434609804302454,0.13805554807186127,-0.21135938167572021
2025-05-12T10:08:31.511840,-0.0806342139840126,-0.004886921960860491,0.04153883829712868
2025-05-12T10:08:31.673288,-0.3897320330142975,0.04764748737215996,0.04398229718208313
2025-05-12T10:08:31.831589,-0.6450737118721008,0.01466076634824276,0.04886921867728233
2025-05-12T10:08:31.991614,-0.48747047781944275,0.030543262138962746,-0.09040805697441101
2025-05-12T10:08:32.151013,-0.04398229718208313,0.028099801391363144,-0.01710422709584236
2025-05-12T10:08:32.311293,-0.5167919993400574,-0.025656340643763542,-0.0354301854968071
2025-05-12T10:08:32.471110,-0.15271630883216858,-0.059864792972803116,-0.09285151958465576
2025-05-12T10:08:32.626577,-0.3701843321323395,-0.10018189996480942,-0.019547687843441963
2025-05-12T10:08:32.789655,0.11484266817569733,-0.05375614017248154,0.006108652334660292
2025-05-12T10:08:32.950257,-0.009773843921720982,-0.0757472887635231,0.051312681287527084
2025-05-12T10:08:33.109423,-0.17348572611808777,0.08918632566928864,-0.03787364438176155
2025-05-12T10:08:33.268615,0.455705463886261,0.15027284622192383,-0.09162978827953339
2025-05-12T10:08:33.427992,0.6133087277412415,0.03787364438176155,-0.03176499158143997
2025-05-12T10:08:33.588474,-0.5082398653030396,0.1820378452539444,-0.39217549562454224
2025-05-12T10:08:33.747841,-0.7648032903671265,0.16982053220272064,0.06352998316287994
2025-05-12T10:08:33.906,0.41172316670417786,-0.16004669666290283,0.06352998316287994
2025-05-12T10:08:34.067238,0.19914206862449646,-0.05009094998240471,-0.1160643994808197
2025-05-12T10:08:34.227071,0.04642575979232788,-0.006108652334660292,-0.025656340643763542
2025-05-12T10:08:34.382399,-0.9101892113685608,0.07819075137376785,0.08674286305904388
2025-05-12T10:08:34.543052,-2.375044107437134,0.24678955972194672,0.05497787147760391
2025-05-12T10:08:34.703881,-1.881464958190918,0.2675589919090271,-0.07941248267889023
2025-05-12T10:08:34.863993,-0.8478809595108032,-0.19425514340400696,-0.15760323405265808
2025-05-12T10:08:35.022436,0.10384709388017654,-0.010995574295520782,-0.19303341209888458
2025-05-12T10:08:35.183655,0.49724429845809937,-0.05253441259264946,-0.02932153269648552
2025-05-12T10:08:35.342053,0.2626720666885376,0.039095375686883926,-0.019547687843441963
2025-05-12T10:08:35.503751,0.5167919993400574,-0.09651670604944229,-0.05619960278272629
2025-05-12T10:08:35.659400,0.3323107063770294,0.0659734457731247,0.025656340643763542
2025-05-12T10:08:35.821240,0.49235737323760986,-0.03298672288656235,-0.03420845419168472
2025-05-12T10:08:35.978959,0.1062905490398407,0.04153883829712868,0.030543262138962746
2025-05-12T10:08:36.141045,0.03787364438176155,0.12461651116609573,0.01710422709584236
2025-05-12T10:08:36.299561,0.10262536257505417,0.018325956538319588,0.025656340643763542
2025-05-12T10:08:36.458958,0.1014036312699318,0.051312681287527084,0.059864792972803116
2025-05-12T10:08:36.619915,0.006108652334660292,-0.03176499158143997,0.010995574295520782
2025-05-12T10:08:36.779241,0.10751228034496307,-0.05742133408784866,-0.021991148591041565
2025-05-12T10:08:36.938575,0.10262536257505417,-0.059864792972803116,0.02321287989616394
2025-05-12T10:08:37.096613,0.3799581825733185,-0.013439035043120384,0.013439035043120384
2025-05-12T10:08:37.258408,0.2015855312347412,-0.0708603709936142,-0.09040805697441101
2025-05-12T10:08:37.418660,0.4190535545349121,-0.07452555745840073,0.02687807008624077
2025-05-12T10:08:37.576964,0.3738495409488678,-0.045204028487205505,-0.02321287989616394
2025-05-12T10:08:37.727997,0.07696902006864548,-0.015882495790719986,-0.03176499158143997
2025-05-12T10:08:37.888592,0.07208210229873657,-0.00366519158706069,0.010995574295520782
2025-05-12T10:08:38.053498,-0.07452555745840073,-0.0012217304902151227,0.00733038317412138
2025-05-12T10:08:38.210080,-0.6963863968849182,0.009773843921720982,0.059864792972803116
2025-05-12T10:08:38.375621,-0.8881980776786804,0.06841690838336945,0.042760565876960754
2025-05-12T10:08:38.533176,-0.8881980776786804,0.0403171069920063,0.02687807008624077
2025-05-12T10:08:38.691981,-0.40683624148368835,0.021991148591041565,-0.006108652334660292
2025-05-12T10:08:38.851581,-0.1661553531885147,0.02076941914856434,0.010995574295520782
2025-05-12T10:08:39.011958,0.5216789245605469,0.00366519158706069,0.04153883829712868
2025-05-12T10:08:39.171193,1.9853121042251587,0.36651915311813354,0.5656611919403076
2025-05-12T10:08:39.331068,-0.9419541954994202,0.10262536257505417,-0.2822197377681732
2025-05-12T10:08:39.489969,-0.15393804013729095,0.04153883829712868,-0.030543262138962746
2025-05-12T10:08:39.651869,-0.6255260109901428,0.1258382350206375,0.028099801391363144
2025-05-12T10:08:39.809646,-1.2620476484298706,0.1722639948129654,0.0012217304902151227
2025-05-12T10:08:39.969496,-0.4715879559516907,-0.08796459436416626,0.006108652334660292
2025-05-12T10:08:40.127973,-0.1918116807937622,-0.14049901068210602,-0.00366519158706069
2025-05-12T10:08:40.294264,-0.13316862285137177,-0.025656340643763542,-0.015882495790719986
2025-05-12T10:08:40.446100,-0.02932153269648552,-0.02687807008624077,-0.006108652334660292
2025-05-12T10:08:40.609743,-0.010995574295520782,0.00733038317412138,0.0024434609804302454
2025-05-12T10:08:40.768078,0.04398229718208313,-0.006108652334660292,-0.00733038317412138
2025-05-12T10:08:40.925502,0.05864306539297104,0.00855211354792118,-0.024434609338641167
2025-05-12T10:08:41.087761,0.0024434609804302454,-0.02687807008624077,-0.042760565876960754
2025-05-12T10:08:41.246832,0.14294247329235077,-0.03176499158143997,-0.05009094998240471
2025-05-12T10:08:41.407946,0.1258382350206375,-0.012217304669320583,-0.00366519158706069
2025-05-12T10:08:41.564618,0.20402899384498596,-0.024434609338641167,-0.04886921867728233
2025-05-12T10:08:41.725549,0.030543262138962746,0.00733038317412138,-0.01710422709584236
2025-05-12T10:08:41.883210,0.015882495790719986,-0.03298672288656235,0.00733038317412138
2025-05-12T10:08:42.036847,-0.02932153269648552,0.010995574295520782,-0.01710422709584236
2025-05-12T10:08:42.201503,-0.025656340643763542,-0.006108652334660292,-0.00855211354792118
2025-05-12T10:08:42.361458,-0.04153883829712868,-0.0024434609804302454,-0.004886921960860491
2025-05-12T10:08:42.516946,-0.04398229718208313,-0.03787364438176155,0.00366519158706069
2025-05-12T10:08:42.682201,0.018325956538319588,-0.00855211354792118,-0.012217304669320583
2025-05-12T10:08:42.843365,0.015882495790719986,-0.05742133408784866,-0.042760565876960754
2025-05-12T10:08:43.002296,0.05864306539297104,-0.03787364438176155,-0.02687807008624077
2025-05-12T10:08:43.157361,-0.00855211354792118,-0.028099801391363144,-0.00733038317412138
2025-05-12T10:08:43.320827,-0.015882495790719986,-0.036651913076639175,0.00855211354792118
2025-05-12T10:08:43.475515,0.08796459436416626,-0.02687807008624077,0.01710422709584236
2025-05-12T10:08:43.633713,-0.00855211354792118,-0.04642575979232788,-0.012217304669320583
2025-05-12T10:08:43.793149,-0.015882495790719986,-0.042760565876960754,-0.02932153269648552
2025-05-12T10:08:43.956602,-0.02687807008624077,-0.02076941914856434,-0.0024434609804302454
2025-05-12T10:08:44.211219,-0.0403171069920063,-0.03420845419168472,-0.04764748737215996
2025-05-12T10:08:44.274299,-0.06108652427792549,0.00733038317412138,-0.00733038317412138
2025-05-12T10:09:20.829663,0.02076941914856434,0.03420845419168472,-0.004886921960860491
2025-05-12T10:09:20.963278,0.25534167885780334,-0.02076941914856434,0.015882495790719986
2025-05-12T10:09:21.121045,0.2675589919090271,-0.07819075137376785,-0.0403171069920063
2025-05-12T10:09:21.654716,-0.0012217304902151227,0.00855211354792118,0.0024434609804302454
2025-05-12T10:09:21.761099,-0.2626720666885376,0.05375614017248154,0.05742133408784866
2025-05-12T10:09:21.918461,-0.5143485069274902,0.09407325088977814,0.07208210229873657
2025-05-12T10:09:33.464722,0.5216789245605469,-0.2590068578720093,0.5375614166259766
2025-05-12T10:09:38.480744,-0.9578366875648499,-0.3689626157283783,0.455705463886261
2025-05-12T10:09:38.481258,-0.0403171069920063,-0.05497787147760391,-0.0757472887635231
2025-05-12T10:09:38.579427,0.11362093687057495,0.019547687843441963,0.1417207419872284
2025-05-12T10:09:49.045349,-0.24434609711170197,0.14538592100143433,0.06108652427792549
2025-05-12T10:09:49.153534,-1.549154281616211,-0.13072516024112701,-0.18570303916931152
2025-05-12T10:09:49.313520,-0.7342600226402283,-0.5900958180427551,-0.05497787147760391
2025-05-12T10:09:49.961110,0.48380526900291443,0.04642575979232788,-0.00855211354792118
2025-05-12T10:10:42.551293,0.4178318381309509,0.009773843921720982,-0.02076941914856434
2025-05-12T10:10:42.551796,-0.1722639948129654,0.03298672288656235,0.02687807008624077
2025-05-12T10:10:42.671758,-0.028099801391363144,0.012217304669320583,-0.013439035043120384
2025-05-12T10:10:42.824873,0.09285151958465576,-0.02932153269648552,-0.00855211354792118
2025-05-12T10:10:42.988968,0.22846360504627228,0.010995574295520782,-0.019547687843441963
2025-05-12T10:10:43.147368,0.2015855312347412,-0.010995574295520782,-0.00855211354792118
2025-05-12T10:10:43.311861,0.21380282938480377,-0.00733038317412138,-0.024434609338641167
2025-05-12T10:10:43.470634,0.0708603709936142,-0.01466076634824276,-0.0024434609804302454
2025-05-12T10:10:43.631067,0.09407325088977814,-0.025656340643763542,0.006108652334660292
2025-05-12T10:10:43.784843,0.37629300355911255,-0.01466076634824276,0.01466076634824276
2025-05-12T10:10:43.944500,0.23335053026676178,0.013439035043120384,0.010995574295520782
2025-05-12T10:10:44.103840,-0.11362093687057495,0.021991148591041565,-0.036651913076639175
2025-05-12T10:19:18.701781,-0.10506882518529892,0.018325956538319588,-0.010995574295520782
2025-05-12T10:19:18.707851,0.10873401165008545,-0.09040805697441101,0.0659734457731247
2025-05-12T10:19:18.708207,-0.2871066629886627,-0.03298672288656235,0.01466076634824276
2025-05-12T10:19:18.708487,-0.4960225820541382,0.07208210229873657,-0.018325956538319588
2025-05-12T10:19:18.710222,-0.19547687470912933,0.0403171069920063,0.00855211354792118
2025-05-12T10:19:18.710561,0.15882496535778046,0.00366519158706069,-0.009773843921720982
2025-05-12T10:19:18.710832,-0.03787364438176155,0.0,-0.0354301854968071
2025-05-12T10:19:18.713197,0.06841690838336945,0.019547687843441963,-0.03176499158143997
2025-05-12T10:19:18.713561,0.08307767659425735,-0.02932153269648552,0.04398229718208313
2025-05-12T10:19:18.713816,-0.02932153269648552,0.03420845419168472,-0.006108652334660292
2025-05-12T10:19:18.714054,0.03420845419168472,-0.01466076634824276,-0.02321287989616394
2025-05-12T10:19:18.714275,0.1771509200334549,0.05375614017248154,-0.009773843921720982
2025-05-12T10:19:18.714473,0.49235737323760986,0.3323107063770294,-0.31154128909111023
2025-05-12T10:19:18.714677,0.4190535545349121,0.08796459436416626,-0.3029891550540924
2025-05-12T10:19:18.714875,1.3756685256958008,0.10384709388017654,-0.02321287989616394
2025-05-12T10:19:18.715292,0.04764748737215996,0.0012217304902151227,-0.09529497474431992
2025-05-12T10:19:18.720737,-0.00733038317412138,0.015882495790719986,0.04398229718208313
2025-05-12T10:19:18.721170,0.4129449129104614,-0.0757472887635231,0.010995574295520782
2025-05-12T10:19:18.722561,-0.28466320037841797,0.06719517707824707,0.009773843921720982
2025-05-12T10:19:18.722960,0.16493362188339233,-0.1111774742603302,0.021991148591041565
2025-05-12T10:19:18.723256,-0.5436700582504272,-0.019547687843441963,0.0708603709936142
2025-05-12T10:19:18.723500,-0.010995574295520782,0.00855211354792118,0.010995574295520782
2025-05-12T10:19:18.723730,0.45692721009254456,-0.18081611394882202,-0.07819075137376785
2025-05-12T10:19:18.816546,0.27000242471694946,0.26511552929878235,0.19058994948863983
2025-05-12T10:19:18.921131,0.015882495790719986,0.036651913076639175,0.010995574295520782
2025-05-12T10:19:19.079307,0.018325956538319588,0.02076941914856434,0.00733038317412138
2025-05-12T10:19:19.239224,0.00733038317412138,-0.0024434609804302454,-0.004886921960860491
2025-05-12T10:19:19.399113,0.00855211354792118,-0.01466076634824276,0.0024434609804302454
2025-05-12T10:19:19.558447,-0.00855211354792118,0.0012217304902151227,0.00733038317412138
2025-05-12T10:19:19.719780,0.004886921960860491,0.0,0.00855211354792118
2025-05-12T10:19:19.878638,0.004886921960860491,0.00855211354792118,0.004886921960860491
2025-05-12T10:19:20.039228,0.02321287989616394,-0.09162978827953339,-0.00855211354792118
2025-05-12T10:19:20.199255,0.030543262138962746,0.01466076634824276,0.01466076634824276
2025-05-12T10:19:20.358261,0.0024434609804302454,0.006108652334660292,0.004886921960860491
2025-05-12T10:19:20.519867,0.013439035043120384,0.00855211354792118,0.0024434609804302454
2025-05-12T10:19:20.678246,0.0024434609804302454,0.0024434609804302454,-0.00366519158706069
2025-05-12T10:19:20.838027,0.004886921960860491,-0.006108652334660292,-0.0012217304902151227
2025-05-12T10:19:20.997245,-0.02687807008624077,0.0757472887635231,0.00366519158706069
2025-05-12T10:19:21.157370,0.0,-0.0012217304902151227,-0.0012217304902151227
2025-05-12T10:19:21.316313,-0.00855211354792118,-0.0012217304902151227,-0.0012217304902151227
2025-05-12T10:19:21.476211,0.0012217304902151227,-0.00855211354792118,-0.00366519158706069
2025-05-12T10:19:21.636115,-0.024434609338641167,0.03298672288656235,0.00733038317412138
2025-05-12T10:19:21.795275,0.009773843921720982,0.004886921960860491,0.0
2025-05-12T10:19:21.955215,-0.004886921960860491,0.0012217304902151227,-0.0012217304902151227
2025-05-12T10:19:22.114654,0.013439035043120384,0.013439035043120384,0.004886921960860491
2025-05-12T10:19:22.275193,0.021991148591041565,0.00733038317412138,0.0024434609804302454
2025-05-12T10:19:22.435881,0.021991148591041565,0.004886921960860491,-0.0012217304902151227
2025-05-12T10:19:22.594766,0.024434609338641167,0.010995574295520782,0.0012217304902151227
2025-05-12T10:19:22.755128,0.00366519158706069,0.009773843921720982,0.00855211354792118
2025-05-12T10:19:22.920775,0.00855211354792118,0.012217304669320583,0.004886921960860491
2025-05-12T10:19:23.078798,0.00366519158706069,-0.013439035043120384,-0.0024434609804302454
2025-05-12T10:19:23.239925,0.006108652334660292,-0.0024434609804302454,0.0
2025-05-12T10:19:23.397072,0.00366519158706069,0.012217304669320583,0.004886921960860491
2025-05-12T10:19:23.558478,-0.006108652334660292,-0.018325956538319588,-0.00366519158706069
