2025-05-16T12:23:25.835415,0.05742133408784866,0.17837265133857727,0.08918632566928864
2025-05-16T12:23:25.985715,0.013439035043120384,-0.059864792972803116,-0.059864792972803116
2025-05-16T12:23:26.146515,0.039095375686883926,0.0024434609804302454,-0.025656340643763542
2025-05-16T12:23:26.311017,0.021991148591041565,0.06475171446800232,0.0
2025-05-16T12:23:26.472563,-0.02321287989616394,0.06352998316287994,0.009773843921720982
2025-05-16T12:23:26.631592,0.03298672288656235,0.019547687843441963,0.0
2025-05-16T12:23:26.791772,-0.08185594528913498,-0.03420845419168472,-0.05619960278272629
2025-05-16T12:23:26.951315,-0.6487388610839844,-0.22846360504627228,-0.21991148591041565
2025-05-16T12:23:27.110884,-6.632774829864502,-0.8918632864952087,-0.6279694437980652
2025-05-16T12:23:27.270900,-4.536285400390625,2.0036380290985107,-3.313333034515381
2025-05-16T12:23:27.431107,1.380555510520935,-0.616973876953125,-5.090950965881348
2025-05-16T12:23:27.591502,-2.908940315246582,0.7024950385093689,0.5009095072746277
2025-05-16T12:23:27.751946,0.38240164518356323,0.025656340643763542,0.6255260109901428
2025-05-16T12:23:27.912342,-0.39217549562454224,-0.021991148591041565,0.13072516024112701
2025-05-16T12:23:28.074362,-0.09896016865968704,-0.09040805697441101,0.12950342893600464
2025-05-16T12:23:28.231270,0.4447098970413208,-0.3384193480014801,-0.1258382350206375
2025-05-16T12:23:28.395072,0.29077184200286865,-0.3738495409488678,-0.059864792972803116
2025-05-16T12:23:28.552464,-0.8918632864952087,-0.15515977144241333,-0.1661553531885147
2025-05-16T12:23:28.714963,-0.7330383062362671,0.1514945775270462,-0.23090706765651703
2025-05-16T12:23:28.874964,0.4996877610683441,-0.10995574295520782,0.9468411207199097
2025-05-16T12:23:29.035643,4.586376190185547,-0.0806342139840126,3.2339205741882324
2025-05-16T12:23:29.194719,4.353025913238525,2.6755897998809814,1.359786033630371
2025-05-16T12:23:29.355547,1.9120081663131714,0.41661009192466736,0.1820378452539444
2025-05-16T12:23:29.513556,0.636521577835083,-0.16982053220272064,0.3176499307155609
2025-05-16T12:23:29.677012,0.16004669666290283,0.37629300355911255,0.5412266254425049
2025-05-16T12:23:29.835607,0.5119050741195679,-0.013439035043120384,0.5082398653030396
2025-05-16T12:23:29.995422,0.2687807083129883,-0.17348572611808777,0.40072759985923767
2025-05-16T12:23:30.157423,0.16004669666290283,-0.16004669666290283,0.455705463886261
2025-05-16T12:23:30.318567,-0.2015855312347412,-0.22602014243602753,0.2590068578720093
2025-05-16T12:23:30.476566,-0.05497787147760391,-0.14905111491680145,-0.07819075137376785
2025-05-16T12:23:30.638762,-0.42638394236564636,0.36651915311813354,-0.13561208546161652
2025-05-16T12:23:30.797774,-0.6890559792518616,0.5900958180427551,-0.01466076634824276
2025-05-16T12:23:30.959129,-0.08674286305904388,0.3677408695220947,0.1820378452539444
2025-05-16T12:23:31.118632,0.0,0.05864306539297104,0.19425514340400696
2025-05-16T12:23:31.280731,0.2076941877603531,-0.5436700582504272,0.006108652334660292
2025-05-16T12:23:31.438690,-0.22602014243602753,-0.5717698931694031,0.00855211354792118
2025-05-16T12:23:31.597683,-0.20036379992961884,0.0354301854968071,-0.40683624148368835
2025-05-16T12:23:31.757694,-1.871691107749939,-0.3640756905078888,-0.5241223573684692
2025-05-16T12:23:31.919411,-8.747590065002441,1.7519614696502686,-0.5668829679489136
2025-05-16T12:23:32.078565,-0.10873401165008545,1.7837265729904175,-4.140444755554199
2025-05-16T12:23:32.239054,-1.6774359941482544,-1.016479730606079,-1.6982053518295288
2025-05-16T12:23:32.396471,-1.4831807613372803,0.12095131725072861,-0.21991148591041565
2025-05-16T12:23:32.558363,-0.24068090319633484,0.22602014243602753,-0.3017674386501312
2025-05-16T12:23:32.718817,0.38728857040405273,0.10384709388017654,-0.66584312915802
2025-05-16T12:23:32.879406,0.08185594528913498,0.41172316670417786,-0.1014036312699318
2025-05-16T12:23:33.038349,1.0604621171951294,0.05619960278272629,1.0812314748764038
2025-05-16T12:23:33.199625,0.7293730974197388,-0.024434609338641167,0.7354817390441895
2025-05-16T12:23:33.358529,0.797789990901947,-0.08796459436416626,0.1869247704744339
2025-05-16T12:23:33.519328,-0.0757472887635231,-0.13439035415649414,0.3445279896259308
2025-05-16T12:23:33.679944,0.4642575979232788,0.10018189996480942,0.4043927788734436
2025-05-16T12:23:33.839450,1.585806131362915,-0.588874101638794,-0.4996877610683441
2025-05-16T12:23:33.998674,1.6517796516418457,-0.6133087277412415,-0.22602014243602753
2025-05-16T12:23:34.159491,-1.026253581047058,0.4960225820541382,0.3897320330142975
2025-05-16T12:23:34.319265,-0.1319468915462494,0.12828169763088226,-0.4337143301963806
2025-05-16T12:23:34.479752,0.0403171069920063,-0.20891591906547546,-1.8277088403701782
2025-05-16T12:23:34.639170,0.14049901068210602,-0.33475416898727417,-0.608421802520752
2025-05-16T12:23:34.799622,-1.9449949264526367,0.7623597979545593,0.9749409556388855
2025-05-16T12:23:34.958023,0.5607742667198181,-0.36529740691185,-0.3445279896259308
2025-05-16T12:23:35.119613,-2.105041742324829,0.3494149148464203,0.7159340381622314
2025-05-16T12:23:35.279705,2.4275784492492676,-0.384845107793808,-0.5314527750015259
2025-05-16T12:23:35.439986,1.7458528280258179,-0.2015855312347412,0.07330382615327835
2025-05-16T12:23:35.597659,-0.5510004758834839,-0.27977627515792847,0.45814892649650574
2025-05-16T12:23:35.758525,0.608421802520752,-0.4300491213798523,-0.7550294399261475
2025-05-16T12:23:35.919507,-1.8057177066802979,0.750142514705658,-0.05253441259264946
2025-05-16T12:23:36.079140,1.1594222784042358,0.5864306092262268,0.9749409556388855
2025-05-16T12:23:36.239288,-0.8026769161224365,0.6792821288108826,0.4288274049758911
2025-05-16T12:23:36.401316,-0.5412266254425049,-0.21991148591041565,-0.34574973583221436
2025-05-16T12:23:36.557100,-0.9040805697441101,-0.006108652334660292,0.6633996367454529
2025-05-16T12:23:36.719542,1.3854423761367798,-0.17837265133857727,0.08185594528913498
2025-05-16T12:23:36.879885,0.7269296646118164,-0.4948008358478546,0.004886921960860491
2025-05-16T12:23:37.039067,-0.0403171069920063,-0.16004669666290283,0.35185837745666504
2025-05-16T12:23:37.200664,0.4495968222618103,-0.2919935882091522,-0.028099801391363144
2025-05-16T12:23:37.359705,-0.13561208546161652,0.10506882518529892,-0.5778785347938538
2025-05-16T12:23:37.519614,-0.34208452701568604,1.1154398918151855,0.8576548099517822
2025-05-16T12:23:37.680890,-2.046398639678955,0.9150761365890503,1.0103710889816284
2025-05-16T12:23:37.839331,-0.6768386960029602,0.18814650177955627,1.4172073602676392
2025-05-16T12:23:38.000037,0.2626720666885376,-0.7281513810157776,-0.6096435189247131
2025-05-16T12:23:38.159273,1.5369369983673096,-0.07696902006864548,-0.19058994948863983
2025-05-16T12:23:38.321002,0.20525072515010834,0.024434609338641167,-0.16004669666290283
2025-05-16T12:23:38.479103,-0.6597344875335693,0.2785545587539673,0.04764748737215996
2025-05-16T12:23:38.639460,0.2064724564552307,0.09285151958465576,-0.32498031854629517
2025-05-16T12:23:38.799273,0.08796459436416626,-0.2565633952617645,-1.2131783962249756
2025-05-16T12:23:38.960093,-0.40194934606552124,-0.2064724564552307,-1.1386528015136719
2025-05-16T12:23:39.119456,-1.5076154470443726,0.05497787147760391,-0.49846604466438293
2025-05-16T12:23:39.279332,-0.0024434609804302454,-0.5473352670669556,-0.6426302194595337
2025-05-16T12:23:39.439395,-0.9834930300712585,-0.2223549485206604,0.22602014243602753
2025-05-16T12:23:39.600492,0.4911356568336487,-0.39706242084503174,-0.4593706727027893
2025-05-16T12:23:39.759002,1.9755382537841797,0.5778785347938538,0.025656340643763542
2025-05-16T12:23:39.920390,-1.5821410417556763,1.5699236392974854,1.9730947017669678
2025-05-16T12:23:40.079406,0.46792277693748474,0.23579397797584534,0.9993755221366882
2025-05-16T12:23:40.240246,0.9578366875648499,-0.9370672702789307,-1.5723671913146973
2025-05-16T12:23:40.379531,-0.5546656250953674,-0.8332201838493347,-1.480737328529358
2025-05-16T12:23:40.541656,-1.5173892974853516,-0.10873401165008545,-0.31520646810531616
2025-05-16T12:23:40.700276,-0.685390830039978,-0.3237585723400116,-0.06108652427792549
2025-05-16T12:23:40.862605,-0.14049901068210602,-0.21868975460529327,0.25045475363731384
2025-05-16T12:23:41.013138,0.6206390857696533,-0.14538592100143433,-0.21868975460529327
2025-05-16T12:23:41.180897,1.6004669666290283,0.598647952079773,0.1111774742603302
2025-05-16T12:23:41.322600,-0.5534439086914062,1.3170254230499268,1.5222761631011963
2025-05-16T12:23:41.484491,-0.10995574295520782,0.1258382350206375,1.0848966836929321
2025-05-16T12:23:41.643560,1.1154398918151855,-1.4379768371582031,-1.4306464195251465
2025-05-16T12:23:41.801897,0.4434881806373596,-1.0726794004440308,-1.056796908378601
2025-05-16T12:23:41.964483,0.5558874011039734,0.8319984674453735,0.8662069439888
2025-05-16T12:23:42.124410,0.66584312915802,0.07208210229873657,0.39217549562454224
2025-05-16T12:23:42.284452,0.3982841372489929,-0.7379252314567566,-0.1062905490398407
2025-05-16T12:23:42.443400,0.06230825558304787,-0.08918632566928864,0.93095862865448
2025-05-16T12:23:42.603167,1.226617455482483,-0.5937610268592834,-0.42638394236564636
2025-05-16T12:23:42.765436,-0.22846360504627228,-0.3689626157283783,-0.27488934993743896
2025-05-16T12:23:42.925044,-0.3591887652873993,-0.3579670190811157,-0.22602014243602753
2025-05-16T12:23:43.084280,0.08185594528913498,-0.22968533635139465,-0.4447098970413208
2025-05-16T12:23:43.242071,-2.8454103469848633,1.0103710889816284,-0.05009094998240471
2025-05-16T12:23:43.405335,0.5253441333770752,0.3176499307155609,0.8710938692092896
2025-05-16T12:23:43.564029,-0.5778785347938538,0.0,0.6792821288108826
2025-05-16T12:23:43.725762,1.82404363155365,-0.9285151958465576,-0.08307767659425735
2025-05-16T12:23:43.883156,-2.20278000831604,0.0024434609804302454,0.455705463886261
2025-05-16T12:23:44.045918,1.1313223838806152,0.33597588539123535,-0.475253164768219
2025-05-16T12:23:44.205683,0.17348572611808777,-0.2577851414680481,-0.14049901068210602
2025-05-16T12:23:44.359639,-0.14538592100143433,-0.06352998316287994,-0.059864792972803116
2025-05-16T12:23:44.524978,0.788016140460968,-0.44226643443107605,-0.5106833577156067
2025-05-16T12:23:44.685956,0.4190535545349121,0.35185837745666504,-0.16004669666290283
2025-05-16T12:23:44.846272,0.18081611394882202,0.8344419002532959,1.0384708642959595
2025-05-16T12:23:45.006439,-0.3604104816913605,1.3048081398010254,1.814269781112671
2025-05-16T12:23:45.166655,-1.361007809638977,1.0384708642959595,3.5405750274658203
2025-05-16T12:23:45.327275,-0.8552113175392151,-0.0806342139840126,1.9889771938323975
2025-05-16T12:23:45.487133,-0.5852088928222656,-0.34697145223617554,0.48258355259895325
2025-05-16T12:23:45.646688,-0.09407325088977814,0.0403171069920063,0.251676470041275
2025-05-16T12:23:45.807253,0.4447098970413208,-0.11972958594560623,-0.03298672288656235
2025-05-16T12:23:45.966237,-0.13927727937698364,0.3323107063770294,0.1771509200334549
2025-05-16T12:23:46.127444,-0.5461135506629944,0.12461651116609573,0.036651913076639175
2025-05-16T12:23:46.288018,-0.29077184200286865,0.039095375686883926,0.05253441259264946
2025-05-16T12:23:46.448642,0.5485569834709167,-0.12461651116609573,-0.21013765037059784
2025-05-16T12:23:46.607214,0.5754350423812866,-0.16493362188339233,-0.2076941877603531
2025-05-16T12:23:46.767726,-0.04886921867728233,-0.18448130786418915,-0.37140607833862305
2025-05-16T12:23:46.927473,-0.00855211354792118,-0.4642575979232788,-0.14782938361167908
2025-05-16T12:23:47.087629,-0.009773843921720982,-0.21868975460529327,-0.14905111491680145
2025-05-16T12:23:47.247562,-0.06963863968849182,-0.27122417092323303,-0.06719517707824707
2025-05-16T12:23:47.408275,-0.3384193480014801,-0.02687807008624077,0.7061602473258972
2025-05-16T12:23:47.569327,0.10018189996480942,-0.06230825558304787,0.685390830039978
2025-05-16T12:23:47.727682,-0.0012217304902151227,0.31642818450927734,0.3066543638706207
2025-05-16T12:23:47.887784,0.0659734457731247,0.35552358627319336,0.1417207419872284
2025-05-16T12:23:48.048797,-0.5619960427284241,0.16859880089759827,-0.32131510972976685
2025-05-16T12:23:48.206771,0.1014036312699318,-0.08429940044879913,-0.28099802136421204
2025-05-16T12:23:48.367157,-0.49724429845809937,-0.3274237811565399,-0.08796459436416626
2025-05-16T12:23:48.529311,-0.3677408695220947,-0.3127630054950714,-0.04764748737215996
2025-05-16T12:23:48.687557,0.025656340643763542,-0.29077184200286865,0.0024434609804302454
2025-05-16T12:23:48.850241,0.20891591906547546,-0.1612684279680252,-0.018325956538319588
2025-05-16T12:23:49.010471,-0.7916813492774963,0.0354301854968071,0.06230825558304787
2025-05-16T12:23:49.171015,0.2993239760398865,0.07941248267889023,-0.05742133408784866
2025-05-16T12:23:49.330246,-0.24434609711170197,0.14905111491680145,0.004886921960860491
2025-05-16T12:23:49.491609,-0.08918632566928864,0.05253441259264946,-0.04642575979232788
2025-05-16T12:23:49.643311,0.5510004758834839,-0.18081611394882202,-0.11972958594560623
2025-05-16T12:23:49.810208,-0.6951646208763123,0.0012217304902151227,0.13561208546161652
2025-05-16T12:23:49.968870,0.3628539443016052,-0.11239920556545258,-0.02321287989616394
2025-05-16T12:23:50.130325,0.013439035043120384,0.051312681287527084,-0.004886921960860491
2025-05-16T12:23:50.290435,-0.1160643994808197,0.11850785464048386,-0.09407325088977814
2025-05-16T12:23:50.451617,-0.09651670604944229,0.17470745742321014,0.02932153269648552
2025-05-16T12:23:50.608818,-0.1062905490398407,0.0659734457731247,0.1270599663257599
2025-05-16T12:23:50.771427,-0.030543262138962746,0.14905111491680145,0.17592918872833252
2025-05-16T12:23:50.930453,-0.1417207419872284,0.16737708449363708,0.2382374405860901
2025-05-16T12:23:51.091552,-0.28099802136421204,0.042760565876960754,0.1612684279680252
2025-05-16T12:23:51.250367,0.618195652961731,0.08918632566928864,-0.05009094998240471
2025-05-16T12:23:51.411365,0.21135938167572021,-0.0403171069920063,-0.07941248267889023
2025-05-16T12:23:51.569961,-1.1838568449020386,-0.00855211354792118,-0.14049901068210602
2025-05-16T12:23:51.731534,0.33475416898727417,-0.3836233615875244,-0.1258382350206375
2025-05-16T12:23:51.891960,0.33475416898727417,-0.0806342139840126,-0.16737708449363708
2025-05-16T12:23:52.051370,1.009149432182312,-0.31031954288482666,-0.33719760179519653
2025-05-16T12:23:52.210659,0.6243042945861816,-0.04764748737215996,-0.15027284622192383
2025-05-16T12:23:52.370761,-0.05375614017248154,-0.00855211354792118,-0.1111774742603302
2025-05-16T12:23:52.531034,-0.33719760179519653,-0.14049901068210602,0.23090706765651703
2025-05-16T12:23:52.690932,-0.8527678847312927,-0.14416420459747314,0.05497787147760391
2025-05-16T12:23:52.851767,-0.14538592100143433,-0.02932153269648552,0.0012217304902151227
2025-05-16T12:23:53.010756,1.2400563955307007,-0.3335324227809906,-0.11484266817569733
2025-05-16T12:23:53.171488,-0.6866125464439392,-0.0012217304902151227,0.24434609711170197
2025-05-16T12:23:53.332771,0.12950342893600464,-0.12461651116609573,-0.006108652334660292
2025-05-16T12:23:53.490909,-0.025656340643763542,-0.08429940044879913,0.05497787147760391
2025-05-16T12:23:53.651396,0.08674286305904388,0.2272418737411499,-0.00733038317412138
2025-05-16T12:23:53.812098,0.32620203495025635,0.12461651116609573,-0.1160643994808197
2025-05-16T12:23:53.972436,-0.31154128909111023,0.0403171069920063,0.06352998316287994
2025-05-16T12:23:54.131694,-0.251676470041275,-0.09773843735456467,0.03787364438176155
2025-05-16T12:23:54.293840,-0.07330382615327835,-0.028099801391363144,0.0
2025-05-16T12:23:54.450743,0.05497787147760391,-0.00366519158706069,-0.030543262138962746
2025-05-16T12:23:54.611718,0.00366519158706069,0.06108652427792549,0.004886921960860491
2025-05-16T12:23:54.771936,0.021991148591041565,-0.04153883829712868,0.0354301854968071
2025-05-16T12:23:54.931463,-0.06841690838336945,-0.00366519158706069,0.021991148591041565
2025-05-16T12:23:55.092511,0.019547687843441963,-0.02321287989616394,-0.00366519158706069
2025-05-16T12:23:55.253247,-0.004886921960860491,0.006108652334660292,0.006108652334660292
2025-05-16T12:23:55.412919,-0.013439035043120384,-0.0024434609804302454,-0.0012217304902151227
2025-05-16T12:23:55.573612,0.02687807008624077,0.00855211354792118,0.024434609338641167
2025-05-16T12:23:55.733480,0.16737708449363708,0.03787364438176155,0.07330382615327835
2025-05-16T12:23:55.895522,0.045204028487205505,0.06108652427792549,0.059864792972803116
2025-05-16T12:23:56.049519,0.010995574295520782,-0.00366519158706069,0.02932153269648552
2025-05-16T12:23:56.213387,-0.024434609338641167,-0.0012217304902151227,0.0024434609804302454
2025-05-16T12:23:56.373261,-0.004886921960860491,-0.010995574295520782,0.021991148591041565
2025-05-16T12:23:56.532888,0.021991148591041565,-0.013439035043120384,0.01710422709584236
2025-05-16T12:23:56.691858,0.018325956538319588,-0.015882495790719986,0.00733038317412138
2025-05-16T12:23:56.854038,0.00855211354792118,0.0,-0.0024434609804302454
2025-05-16T12:23:57.014338,0.0012217304902151227,0.0012217304902151227,-0.004886921960860491
2025-05-16T12:23:57.174346,0.0012217304902151227,-0.0012217304902151227,-0.0024434609804302454
2025-05-16T12:23:57.333113,0.00733038317412138,-0.00366519158706069,0.013439035043120384
2025-05-16T12:23:57.494710,0.012217304669320583,0.0012217304902151227,-0.009773843921720982
2025-05-16T12:23:57.654940,0.00366519158706069,0.00366519158706069,-0.010995574295520782
2025-05-16T12:23:57.813965,-0.028099801391363144,-0.00366519158706069,0.00733038317412138
2025-05-16T12:23:57.974085,-0.04153883829712868,0.00366519158706069,-0.0024434609804302454
2025-05-16T12:23:58.132602,0.009773843921720982,-0.013439035043120384,0.019547687843441963
2025-05-16T12:23:58.293569,0.00855211354792118,-0.010995574295520782,-0.009773843921720982
2025-05-16T12:23:58.454196,-0.006108652334660292,0.0,-0.0012217304902151227
2025-05-16T12:23:58.612450,0.02321287989616394,-0.010995574295520782,-0.006108652334660292
2025-05-16T12:23:58.774511,0.018325956538319588,0.0,0.0
2025-05-16T12:23:58.932299,0.00366519158706069,-0.00366519158706069,0.00366519158706069
2025-05-16T12:23:59.094634,0.00733038317412138,0.0,-0.015882495790719986
2025-05-16T12:23:59.253755,0.0024434609804302454,0.0024434609804302454,0.00733038317412138
2025-05-16T12:23:59.414996,-0.01466076634824276,-0.0024434609804302454,-0.006108652334660292
2025-05-16T12:23:59.575553,-0.019547687843441963,-0.012217304669320583,-0.0024434609804302454
2025-05-16T12:23:59.729035,0.006108652334660292,-0.00733038317412138,-0.013439035043120384
2025-05-16T12:23:59.895486,0.030543262138962746,0.00733038317412138,0.02932153269648552
2025-05-16T12:24:00.054799,0.17348572611808777,-0.004886921960860491,0.004886921960860491
2025-05-16T12:24:00.215927,0.0806342139840126,-0.02321287989616394,-0.09162978827953339
2025-05-16T12:24:00.376556,0.042760565876960754,-0.10751228034496307,-0.0354301854968071
2025-05-16T12:24:00.535546,0.11362093687057495,-0.018325956538319588,-0.0012217304902151227
2025-05-16T12:24:00.695241,0.06108652427792549,-0.00855211354792118,-0.059864792972803116
2025-05-16T12:24:00.856054,0.10873401165008545,-0.015882495790719986,-0.10995574295520782
2025-05-16T12:24:01.016671,0.24190263450145721,-0.009773843921720982,-0.13561208546161652
2025-05-16T12:24:01.175413,0.3433062732219696,0.17348572611808777,0.04153883829712868
2025-05-16T12:24:01.335395,0.16859880089759827,0.23945917189121246,-0.16982053220272064
2025-05-16T12:24:01.496005,-0.16371189057826996,0.251676470041275,-0.12461651116609573
2025-05-16T12:24:01.655427,0.3029891550540924,0.07330382615327835,-0.21624629199504852
2025-05-16T12:24:01.815624,0.10018189996480942,-0.1661553531885147,0.08429940044879913
2025-05-16T12:24:01.977166,-0.2064724564552307,-0.2932153046131134,0.2370157092809677
2025-05-16T12:24:02.136279,-0.06230825558304787,-0.40683624148368835,0.1661553531885147
2025-05-16T12:24:02.295539,-0.32131510972976685,-0.3188716471195221,0.00733038317412138
2025-05-16T12:24:02.456435,-0.07452555745840073,-0.3445279896259308,-0.036651913076639175
2025-05-16T12:24:02.614903,-0.13561208546161652,-0.16493362188339233,0.03787364438176155
2025-05-16T12:24:02.776095,-0.1014036312699318,-0.12339477986097336,0.04642575979232788
2025-05-16T12:24:02.938108,-0.11728613078594208,-0.02932153269648552,0.051312681287527084
2025-05-16T12:24:03.095292,0.06352998316287994,0.15882496535778046,0.05864306539297104
2025-05-16T12:24:03.255728,0.9553932547569275,-0.12339477986097336,-0.07819075137376785
2025-05-16T12:24:03.415611,-0.1270599663257599,0.1270599663257599,0.06108652427792549
2025-05-16T12:24:03.577480,0.28588494658470154,0.059864792972803116,-0.17470745742321014
2025-05-16T12:24:03.735651,-0.4080579876899719,-0.059864792972803116,0.028099801391363144
2025-05-16T12:24:03.896121,-0.09285151958465576,0.08796459436416626,0.012217304669320583
2025-05-16T12:24:04.056420,0.45326200127601624,-0.12461651116609573,-0.0403171069920063
2025-05-16T12:24:04.217237,-0.10995574295520782,-0.03787364438176155,0.012217304669320583
2025-05-16T12:24:04.376607,0.0024434609804302454,-0.07696902006864548,-0.02076941914856434
2025-05-16T12:24:04.537792,-0.024434609338641167,-0.012217304669320583,0.05009094998240471
2025-05-16T12:24:04.695399,0.18448130786418915,-0.0708603709936142,-0.1319468915462494
2025-05-16T12:24:04.857857,-0.33108896017074585,0.04764748737215996,0.17104226350784302
2025-05-16T12:24:05.016399,0.14049901068210602,0.006108652334660292,-0.02321287989616394
2025-05-16T12:24:05.178332,0.04398229718208313,0.21502456068992615,0.0403171069920063
2025-05-16T12:24:05.338257,-0.5424483418464661,0.2223549485206604,0.11972958594560623
2025-05-16T12:24:05.498473,-0.0012217304902151227,0.06963863968849182,-0.1270599663257599
2025-05-16T12:24:05.657592,-0.0757472887635231,-0.03176499158143997,0.09407325088977814
2025-05-16T12:24:05.820310,0.00733038317412138,-0.04642575979232788,0.04153883829712868
2025-05-16T12:24:05.979456,0.21991148591041565,-0.09773843735456467,-0.036651913076639175
2025-05-16T12:24:06.139642,0.11484266817569733,0.015882495790719986,-0.05497787147760391
2025-05-16T12:24:06.299372,0.025656340643763542,0.0024434609804302454,-0.06475171446800232
2025-05-16T12:24:06.459994,-0.2968805134296417,0.09285151958465576,-0.04642575979232788
2025-05-16T12:24:06.619708,-0.1771509200334549,-0.03176499158143997,0.025656340643763542
2025-05-16T12:24:06.780218,0.018325956538319588,-0.012217304669320583,-0.030543262138962746
2025-05-16T12:24:06.939502,0.02932153269648552,-0.00855211354792118,0.0
2025-05-16T12:24:07.099576,0.02687807008624077,0.01466076634824276,-0.025656340643763542
2025-05-16T12:24:07.260470,0.012217304669320583,0.015882495790719986,-0.00366519158706069
2025-05-16T12:24:07.418999,0.00855211354792118,0.0012217304902151227,0.004886921960860491
2025-05-16T12:24:07.581593,0.0024434609804302454,0.013439035043120384,0.01466076634824276
2025-05-16T12:24:07.743449,0.02076941914856434,-0.0024434609804302454,-0.01710422709584236
2025-05-16T12:24:07.899996,-0.006108652334660292,-0.010995574295520782,-0.013439035043120384
2025-05-16T12:24:08.062346,0.00855211354792118,-0.06475171446800232,-0.012217304669320583
2025-05-16T12:24:08.219905,-0.009773843921720982,-0.18448130786418915,-0.05619960278272629
2025-05-16T12:24:08.381016,-0.09285151958465576,-0.4092797040939331,-0.036651913076639175
2025-05-16T12:24:08.542085,0.19792033731937408,-0.4434881806373596,-0.01466076634824276
2025-05-16T12:24:08.703185,-0.2565633952617645,-0.20402899384498596,0.04886921867728233
2025-05-16T12:24:08.862837,-0.025656340643763542,0.021991148591041565,0.01710422709584236
2025-05-16T12:24:09.023269,0.17104226350784302,0.34697145223617554,-0.039095375686883926
2025-05-16T12:24:09.183556,0.042760565876960754,0.5216789245605469,0.024434609338641167
2025-05-16T12:24:09.343639,-0.22357667982578278,0.3604104816913605,-0.08429940044879913
2025-05-16T12:24:09.502596,-0.10018189996480942,-0.1563815027475357,-0.08796459436416626
2025-05-16T12:24:09.662277,0.04398229718208313,-0.31031954288482666,-0.22113321721553802
2025-05-16T12:24:09.818303,0.38240164518356323,-0.08307767659425735,-0.3445279896259308
2025-05-16T12:24:09.982317,0.00733038317412138,0.021991148591041565,-0.28466320037841797
2025-05-16T12:24:10.143686,-0.06963863968849182,-0.3176499307155609,-0.3995058834552765
2025-05-16T12:24:10.304714,-0.5436700582504272,-0.20402899384498596,-0.3176499307155609
2025-05-16T12:24:10.464012,0.2724458873271942,-0.4141666293144226,-0.25045475363731384
2025-05-16T12:24:10.625885,-0.46547931432724,0.1661553531885147,0.00855211354792118
2025-05-16T12:24:10.783017,-0.2871066629886627,0.028099801391363144,0.24190263450145721
2025-05-16T12:24:10.946934,-0.09040805697441101,0.17959438264369965,0.34208452701568604
2025-05-16T12:24:11.103380,0.03787364438176155,0.05253441259264946,-0.06475171446800232
2025-05-16T12:24:11.264775,0.3897320330142975,-0.7024950385093689,0.03787364438176155
2025-05-16T12:24:11.424854,-0.35674530267715454,-0.48380526900291443,-0.1368338167667389
2025-05-16T12:24:11.586550,0.04398229718208313,-0.8943067193031311,-0.14782938361167908
2025-05-16T12:24:11.744734,0.02076941914856434,-0.7159340381622314,0.015882495790719986
2025-05-16T12:24:11.906574,-0.04642575979232788,-0.5119050741195679,-0.10873401165008545
2025-05-16T12:24:12.065056,-0.5803219676017761,-0.836885392665863,-0.06719517707824707
2025-05-16T12:24:12.225628,-0.3127630054950714,-1.1117748022079468,0.01710422709584236
2025-05-16T12:24:12.387427,0.02321287989616394,-0.836885392665863,0.22357667982578278
2025-05-16T12:24:12.546528,-0.5216789245605469,-0.788016140460968,0.05619960278272629
2025-05-16T12:24:12.703783,-0.2871066629886627,-0.5558874011039734,-0.2724458873271942
2025-05-16T12:24:12.865872,-0.1771509200334549,-0.7757988572120667,-0.3640756905078888
2025-05-16T12:24:13.023621,0.3139847218990326,-0.6511823534965515,-0.3188716471195221
2025-05-16T12:24:13.185715,0.16249015927314758,0.03420845419168472,-0.3738495409488678
2025-05-16T12:24:13.345913,0.08674286305904388,0.09162978827953339,0.015882495790719986
2025-05-16T12:24:13.507051,-0.5546656250953674,-0.004886921960860491,-0.2626720666885376
2025-05-16T12:24:13.666469,-0.05009094998240471,-0.11728613078594208,-0.36651915311813354
2025-05-16T12:24:13.824645,0.028099801391363144,-0.4386012554168701,-0.009773843921720982
2025-05-16T12:24:13.983159,-0.10018189996480942,-0.475253164768219,-0.14294247329235077
2025-05-16T12:24:14.145376,-0.5974262356758118,-0.14538592100143433,-0.14905111491680145
2025-05-16T12:24:14.303494,-0.960280179977417,-0.0403171069920063,0.045204028487205505
2025-05-16T12:24:14.460832,-1.36955988407135,-0.4349360466003418,0.2981022298336029
2025-05-16T12:24:14.624232,-0.6902777552604675,-0.455705463886261,0.2272418737411499
2025-05-16T12:24:14.786153,0.09896016865968704,-0.11972958594560623,0.14049901068210602
2025-05-16T12:24:14.944546,-0.43615779280662537,0.14416420459747314,0.7293730974197388
2025-05-16T12:24:15.107113,0.7464773058891296,0.27122417092323303,0.788016140460968
2025-05-16T12:24:15.266211,2.0842721462249756,0.2528982162475586,0.09285151958465576
2025-05-16T12:24:15.420594,3.5320229530334473,-0.46303585171699524,-0.44715335965156555
2025-05-16T12:24:15.584524,2.3102922439575195,-0.19792033731937408,-0.16249015927314758
2025-05-16T12:24:15.746323,0.39706242084503174,-0.6218608021736145,-0.7293730974197388
2025-05-16T12:24:15.906523,0.04642575979232788,-0.5644394755363464,-0.1918116807937622
2025-05-16T12:24:16.067428,-0.02932153269648552,-0.20525072515010834,0.1661553531885147
2025-05-16T12:24:16.226413,-0.10873401165008545,-0.21380282938480377,-0.18814650177955627
2025-05-16T12:24:16.387434,0.2785545587539673,-0.05864306539297104,0.2871066629886627
2025-05-16T12:24:16.546500,0.33108896017074585,-0.251676470041275,0.66584312915802
2025-05-16T12:24:16.706016,0.384845107793808,-0.021991148591041565,0.8258898258209229
2025-05-16T12:24:16.867113,0.10018189996480942,-0.2125810980796814,0.12339477986097336
2025-05-16T12:24:17.026446,0.024434609338641167,-0.3066543638706207,-0.20402899384498596
2025-05-16T12:24:17.185320,-0.8038986921310425,0.3396410644054413,0.18814650177955627
2025-05-16T12:24:17.347725,-1.4049900770187378,0.779464066028595,-0.7147123217582703
2025-05-16T12:24:17.504992,-2.478891134262085,1.246165156364441,-0.7648032903671265
2025-05-16T12:24:17.668090,-0.5827654600143433,1.549154281616211,-0.6023131608963013
2025-05-16T12:24:17.827336,-1.2510520219802856,1.016479730606079,-0.05619960278272629
2025-05-16T12:24:17.989379,0.3433062732219696,0.10506882518529892,0.15393804013729095
2025-05-16T12:24:18.147687,-0.15882496535778046,0.09773843735456467,0.15027284622192383
2025-05-16T12:24:18.310502,0.05864306539297104,-0.07208210229873657,-0.05864306539297104
2025-05-16T12:24:18.469215,-0.028099801391363144,-0.12217304855585098,-0.05009094998240471
2025-05-16T12:24:18.628314,-0.00366519158706069,0.00366519158706069,-0.08185594528913498
2025-05-16T12:24:18.788973,-0.12828169763088226,0.05619960278272629,-0.0403171069920063
2025-05-16T12:24:18.948305,-0.0659734457731247,-0.0024434609804302454,0.03420845419168472
2025-05-16T12:24:19.107395,-0.004886921960860491,0.16371189057826996,0.00366519158706069
2025-05-16T12:24:19.269260,-0.07941248267889023,0.19303341209888458,0.05497787147760391
2025-05-16T12:24:19.428039,-0.08552113175392151,-0.0757472887635231,-0.059864792972803116
2025-05-16T12:24:19.589492,-0.11850785464048386,-0.2480112910270691,0.14782938361167908
2025-05-16T12:24:19.747390,-0.03787364438176155,-0.4178318381309509,-0.1514945775270462
2025-05-16T12:24:19.909242,-0.009773843921720982,-0.36529740691185,0.15027284622192383
2025-05-16T12:24:20.069423,-0.01710422709584236,-0.013439035043120384,0.19425514340400696
2025-05-16T12:24:20.230377,0.1368338167667389,0.19303341209888458,0.3139847218990326
2025-05-16T12:24:20.391221,0.9236282706260681,0.2638937830924988,0.49357911944389343
2025-05-16T12:24:20.550513,0.12095131725072861,1.0250319242477417,0.17104226350784302
2025-05-16T12:24:20.707997,0.08552113175392151,0.2370157092809677,-0.22968533635139465
2025-05-16T12:24:20.870312,0.46547931432724,0.00855211354792118,-0.04886921867728233
2025-05-16T12:24:21.029062,-0.14538592100143433,0.1820378452539444,0.40683624148368835
2025-05-16T12:24:21.190661,-0.1319468915462494,0.004886921960860491,0.9297369122505188
2025-05-16T12:24:21.349595,-0.4544837474822998,0.2382374405860901,1.0848966836929321
2025-05-16T12:24:21.509461,-1.7788395881652832,0.2968805134296417,0.44715335965156555
2025-05-16T12:24:21.670683,1.3255776166915894,0.31520646810531616,0.1918116807937622
2025-05-16T12:24:21.829759,0.5839871764183044,0.3188716471195221,0.21135938167572021
2025-05-16T12:24:21.989673,0.7024950385093689,0.35185837745666504,0.07452555745840073
2025-05-16T12:24:22.150445,-0.0012217304902151227,0.13072516024112701,0.21380282938480377
2025-05-16T12:24:22.308763,-0.03787364438176155,0.028099801391363144,0.34208452701568604
2025-05-16T12:24:22.470790,-0.02076941914856434,0.04398229718208313,0.1368338167667389
2025-05-16T12:24:22.629865,-0.1563815027475357,-0.2370157092809677,-0.10262536257505417
2025-05-16T12:24:22.790295,0.34086281061172485,-0.2675589919090271,-0.08796459436416626
2025-05-16T12:24:22.950277,-0.1966986060142517,0.0403171069920063,0.01466076634824276
2025-05-16T12:24:23.110636,-0.35552358627319336,0.036651913076639175,0.17837265133857727
2025-05-16T12:24:23.268765,-0.07208210229873657,-0.12095131725072861,0.1514945775270462
2025-05-16T12:24:23.431481,-0.0806342139840126,0.02321287989616394,0.1514945775270462
2025-05-16T12:24:23.591417,-0.03298672288656235,-0.00366519158706069,0.11850785464048386
2025-05-16T12:24:23.751419,0.08185594528913498,-0.09529497474431992,-0.015882495790719986
2025-05-16T12:24:23.911041,0.7574729323387146,-0.22846360504627228,-0.1918116807937622
2025-05-16T12:24:24.071671,0.2174680233001709,0.03176499158143997,-0.12217304855585098
2025-05-16T12:24:24.230407,0.1612684279680252,0.024434609338641167,-0.018325956538319588
2025-05-16T12:24:24.391050,0.513126790523529,-0.08185594528913498,-0.11239920556545258
2025-05-16T12:24:24.551966,0.7024950385093689,-0.10995574295520782,-0.1368338167667389
2025-05-16T12:24:24.711923,0.6511823534965515,-0.0012217304902151227,-0.1062905490398407
2025-05-16T12:24:24.874104,0.006108652334660292,0.1722639948129654,0.0012217304902151227
2025-05-16T12:24:25.033367,-1.2205088138580322,0.21624629199504852,0.10506882518529892
2025-05-16T12:24:25.193854,-0.979827880859375,0.015882495790719986,0.0659734457731247
2025-05-16T12:24:25.354496,0.1270599663257599,-0.11728613078594208,-0.024434609338641167
2025-05-16T12:24:25.514589,-0.024434609338641167,-0.08552113175392151,0.0
2025-05-16T12:24:25.676708,0.3066543638706207,-0.05864306539297104,-0.04398229718208313
2025-05-16T12:24:25.834171,-0.18448130786418915,0.03298672288656235,0.02076941914856434
2025-05-16T12:24:25.996623,-0.12828169763088226,0.02932153269648552,-0.012217304669320583
2025-05-16T12:24:26.155646,-0.013439035043120384,-0.036651913076639175,-0.05619960278272629
2025-05-16T12:24:26.317407,0.375071257352829,-0.09651670604944229,-0.0659734457731247
2025-05-16T12:24:26.477827,0.4691445231437683,-0.1319468915462494,-0.1014036312699318
2025-05-16T12:24:26.639462,-0.24556782841682434,-0.05253441259264946,0.05009094998240471
2025-05-16T12:24:26.798923,-0.4386012554168701,-0.036651913076639175,0.0403171069920063
2025-05-16T12:24:26.959513,-0.26633724570274353,-0.024434609338641167,0.025656340643763542
2025-05-16T12:24:27.119723,-0.09162978827953339,0.051312681287527084,0.013439035043120384
2025-05-16T12:24:27.279783,0.00366519158706069,0.02687807008624077,0.03176499158143997
2025-05-16T12:24:27.441128,-0.013439035043120384,0.0,0.02321287989616394
2025-05-16T12:24:27.599213,-0.03298672288656235,0.0012217304902151227,0.004886921960860491
2025-05-16T12:24:27.760294,-0.6475171446800232,0.00733038317412138,0.00366519158706069
2025-05-16T12:24:27.922418,0.3628539443016052,-0.0403171069920063,-0.045204028487205505
2025-05-16T12:24:28.079749,0.2321287989616394,0.015882495790719986,0.006108652334660292
2025-05-16T12:24:28.241152,0.7660250067710876,-0.07208210229873657,-0.025656340643763542
2025-05-16T12:24:28.401666,0.27122417092323303,-0.02321287989616394,-0.019547687843441963
2025-05-16T12:24:28.563583,0.13439035415649414,-0.03787364438176155,-0.03176499158143997
2025-05-16T12:24:28.722348,0.4862487316131592,-0.051312681287527084,-0.024434609338641167
2025-05-16T12:24:28.883967,-0.45814892649650574,0.05375614017248154,0.06352998316287994
2025-05-16T12:24:29.043578,-0.9712757468223572,0.08307767659425735,0.03176499158143997
2025-05-16T12:24:29.202394,-0.12217304855585098,-0.01466076634824276,0.03176499158143997
2025-05-16T12:24:29.362193,-0.015882495790719986,-0.0024434609804302454,0.012217304669320583
2025-05-16T12:24:29.523410,0.11972958594560623,-0.02076941914856434,-0.004886921960860491
2025-05-16T12:24:29.683679,-0.013439035043120384,-0.00855211354792118,0.02321287989616394
2025-05-16T12:24:29.843540,0.00366519158706069,0.0012217304902151227,-0.0012217304902151227
2025-05-16T12:24:30.000114,0.6621779203414917,-0.03787364438176155,-0.02932153269648552
2025-05-16T12:24:30.163739,-0.02932153269648552,-0.030543262138962746,-0.006108652334660292
2025-05-16T12:24:30.325048,-0.07452555745840073,0.00855211354792118,0.013439035043120384
2025-05-16T12:24:30.482681,-0.19547687470912933,-0.009773843921720982,0.03787364438176155
2025-05-16T12:24:30.643453,-0.2015855312347412,0.02687807008624077,0.006108652334660292
2025-05-16T12:24:30.803837,-0.20036379992961884,0.030543262138962746,0.01710422709584236
2025-05-16T12:24:30.964495,0.02687807008624077,0.018325956538319588,-0.009773843921720982
2025-05-16T12:24:31.126337,0.14782938361167908,-0.009773843921720982,-0.012217304669320583
2025-05-16T12:24:31.285219,0.02932153269648552,-0.01466076634824276,0.013439035043120384
2025-05-16T12:24:31.445627,0.08307767659425735,-0.0354301854968071,-0.00366519158706069
2025-05-16T12:24:31.605123,-0.0024434609804302454,-0.024434609338641167,-0.021991148591041565
2025-05-16T12:24:31.766072,-0.006108652334660292,-0.019547687843441963,-0.004886921960860491
2025-05-16T12:24:31.925566,0.012217304669320583,-0.012217304669320583,-0.006108652334660292
2025-05-16T12:24:32.086451,0.012217304669320583,-0.004886921960860491,-0.012217304669320583
2025-05-16T12:24:32.246282,0.00855211354792118,0.0024434609804302454,0.00366519158706069
2025-05-16T12:24:32.406303,-0.0659734457731247,-0.0012217304902151227,0.0
2025-05-16T12:24:32.566280,-0.394618958234787,0.042760565876960754,0.006108652334660292
2025-05-16T12:24:32.727310,-0.030543262138962746,-0.009773843921720982,-0.00366519158706069
2025-05-16T12:24:32.887043,0.9651671051979065,-0.1014036312699318,-0.11850785464048386
2025-05-16T12:24:33.043743,0.950506329536438,-0.2736676335334778,-0.13316862285137177
2025-05-16T12:24:33.205175,0.5192354321479797,-0.07696902006864548,-0.06352998316287994
2025-05-16T12:24:33.366829,-0.6695083379745483,0.11362093687057495,0.06841690838336945
2025-05-16T12:24:33.527251,-1.06657075881958,0.1270599663257599,0.09773843735456467
2025-05-16T12:24:33.687796,0.14416420459747314,-0.025656340643763542,-0.03787364438176155
2025-05-16T12:24:33.846572,-0.33719760179519653,0.010995574295520782,0.05253441259264946
2025-05-16T12:24:34.007681,-0.00733038317412138,-0.019547687843441963,-0.04398229718208313
2025-05-16T12:24:34.166978,-1.6994271278381348,0.19058994948863983,0.1258382350206375
2025-05-16T12:24:34.327462,0.0757472887635231,0.0708603709936142,0.015882495790719986
2025-05-16T12:24:34.487123,0.3090978264808655,0.07330382615327835,0.13316862285137177
2025-05-16T12:24:34.647682,0.1368338167667389,0.0757472887635231,0.06108652427792549
2025-05-16T12:24:34.807424,0.1466076523065567,0.10384709388017654,0.10262536257505417
2025-05-16T12:24:34.966529,0.3127630054950714,0.11728613078594208,0.05497787147760391
2025-05-16T12:24:35.126473,0.17837265133857727,0.05864306539297104,0.006108652334660292
2025-05-16T12:24:35.287984,0.02687807008624077,-0.04642575979232788,0.009773843921720982
2025-05-16T12:24:35.446156,0.08307767659425735,-0.1368338167667389,-0.04642575979232788
2025-05-16T12:24:35.607144,0.04886921867728233,-0.1368338167667389,-0.02932153269648552
2025-05-16T12:24:35.767110,-0.02687807008624077,-0.09529497474431992,-0.018325956538319588
2025-05-16T12:24:35.927775,-0.1111774742603302,0.00855211354792118,0.0708603709936142
2025-05-16T12:24:36.087524,-0.06719517707824707,0.042760565876960754,0.004886921960860491
2025-05-16T12:24:36.247831,-0.06475171446800232,0.03176499158143997,0.0012217304902151227
2025-05-16T12:24:36.407036,0.0,0.2883284091949463,0.06108652427792549
2025-05-16T12:24:36.567302,0.31642818450927734,0.31642818450927734,0.030543262138962746
2025-05-16T12:24:36.727100,0.2565633952617645,0.3799581825733185,0.18570303916931152
2025-05-16T12:24:36.887441,0.03298672288656235,0.1771509200334549,0.18448130786418915
2025-05-16T12:24:37.047328,-0.2638937830924988,0.07208210229873657,-0.1062905490398407
2025-05-16T12:24:37.207397,0.17959438264369965,-0.22479841113090515,-0.31154128909111023
2025-05-16T12:24:37.367425,-0.013439035043120384,-0.46670106053352356,-0.22846360504627228
2025-05-16T12:24:37.528011,-0.2919935882091522,-0.5729916095733643,-0.2370157092809677
2025-05-16T12:24:37.688492,0.2480112910270691,-0.8429940342903137,-0.32009339332580566
2025-05-16T12:24:37.848251,0.6230825781822205,-0.48869219422340393,-0.27122417092323303
2025-05-16T12:24:38.007335,-0.15882496535778046,-0.4153883755207062,-0.16982053220272064
2025-05-16T12:24:38.167864,-0.3701843321323395,-0.30543261766433716,-0.21380282938480377
2025-05-16T12:24:38.327053,-0.6597344875335693,-0.2015855312347412,-0.1160643994808197
2025-05-16T12:24:38.488322,-0.42149701714515686,-0.28466320037841797,-0.05375614017248154
2025-05-16T12:24:38.647552,-0.17348572611808777,0.06230825558304787,0.08552113175392151
2025-05-16T12:24:38.807770,0.006108652334660292,0.09040805697441101,-0.004886921960860491
2025-05-16T12:24:38.965673,-0.03787364438176155,0.01710422709584236,0.11239920556545258
2025-05-16T12:24:39.128948,0.10384709388017654,0.06108652427792549,0.10262536257505417
2025-05-16T12:24:39.288079,0.1417207419872284,-0.036651913076639175,-0.006108652334660292
2025-05-16T12:24:39.448463,0.7660250067710876,-0.042760565876960754,-0.1160643994808197
2025-05-16T12:24:39.607446,1.5344934463500977,-0.27122417092323303,-0.31520646810531616
2025-05-16T12:24:39.768318,0.608421802520752,-0.26511552929878235,-0.11850785464048386
2025-05-16T12:24:39.927952,-1.1362093687057495,-0.04764748737215996,-0.012217304669320583
2025-05-16T12:24:40.087840,-0.7586946487426758,0.08796459436416626,0.05619960278272629
2025-05-16T12:24:40.246709,-0.1160643994808197,0.00855211354792118,0.02932153269648552
2025-05-16T12:24:40.407305,-0.08307767659425735,0.024434609338641167,0.10262536257505417
2025-05-16T12:24:40.566330,0.18814650177955627,0.07696902006864548,0.05375614017248154
2025-05-16T12:24:40.727362,0.1514945775270462,0.09773843735456467,0.02321287989616394
2025-05-16T12:24:40.888455,0.11972958594560623,0.042760565876960754,0.004886921960860491
2025-05-16T12:24:41.044809,-0.27611109614372253,0.0757472887635231,0.05864306539297104
2025-05-16T12:24:41.208226,0.02932153269648552,-0.0024434609804302454,-0.015882495790719986
2025-05-16T12:24:41.367670,-0.6817256212234497,0.006108652334660292,0.10751228034496307
2025-05-16T12:24:41.526977,-0.5241223573684692,-0.021991148591041565,-0.018325956538319588
2025-05-16T12:24:41.683323,0.24678955972194672,-0.13805554807186127,-0.10751228034496307
2025-05-16T12:24:41.848315,0.04642575979232788,0.04642575979232788,0.05864306539297104
2025-05-16T12:24:42.010279,0.14538592100143433,0.0354301854968071,-0.0024434609804302454
2025-05-16T12:24:42.167922,0.3335324227809906,0.009773843921720982,-0.04764748737215996
2025-05-16T12:24:42.329696,0.0403171069920063,0.013439035043120384,-0.03176499158143997
2025-05-16T12:24:42.488487,-0.3738495409488678,0.051312681287527084,0.07208210229873657
2025-05-16T12:24:42.649460,0.02076941914856434,0.03420845419168472,0.02076941914856434
2025-05-16T12:24:42.808595,0.12828169763088226,0.004886921960860491,-0.013439035043120384
2025-05-16T12:24:42.969642,0.05864306539297104,0.12950342893600464,0.07208210229873657
2025-05-16T12:24:43.130120,0.08918632566928864,-0.0806342139840126,0.04886921867728233
2025-05-16T12:24:43.290713,0.04886921867728233,-0.04153883829712868,0.05619960278272629
2025-05-16T12:24:43.446529,0.09040805697441101,0.015882495790719986,-0.07208210229873657
2025-05-16T12:24:43.610163,0.018325956538319588,-0.02932153269648552,0.02076941914856434
2025-05-16T12:24:43.752281,-0.2223549485206604,-0.05009094998240471,0.03420845419168472
2025-05-16T12:24:43.912886,0.013439035043120384,-0.02687807008624077,-0.03298672288656235
2025-05-16T12:24:44.072223,0.04642575979232788,-0.015882495790719986,-0.02076941914856434
2025-05-16T12:24:44.233524,0.013439035043120384,-0.0012217304902151227,-0.004886921960860491
2025-05-16T12:24:44.390477,0.07208210229873657,0.00855211354792118,0.0024434609804302454
2025-05-16T12:24:44.548884,0.05619960278272629,0.0024434609804302454,0.02321287989616394
2025-05-16T12:24:44.711899,-0.2822197377681732,0.02932153269648552,0.015882495790719986
2025-05-16T12:24:44.873557,0.10018189996480942,-0.021991148591041565,-0.01466076634824276
2025-05-16T12:24:45.031587,0.16982053220272064,-0.0403171069920063,-0.018325956538319588
2025-05-16T12:24:45.193274,0.16371189057826996,-0.028099801391363144,-0.021991148591041565
2025-05-16T12:24:45.354125,0.05742133408784866,0.0024434609804302454,-0.009773843921720982
2025-05-16T12:24:45.514664,0.0012217304902151227,-0.0403171069920063,-0.00366519158706069
2025-05-16T12:24:45.673309,0.1319468915462494,-0.06352998316287994,-0.05619960278272629
2025-05-16T12:24:45.833416,0.5632177591323853,-0.1270599663257599,-0.10873401165008545
2025-05-16T12:24:45.991315,-0.45814892649650574,0.03298672288656235,0.04153883829712868
2025-05-16T12:24:46.153404,-0.5644394755363464,0.05253441259264946,0.0354301854968071
2025-05-16T12:24:46.311509,-0.42760565876960754,0.10018189996480942,0.030543262138962746
2025-05-16T12:24:46.474358,0.618195652961731,-0.012217304669320583,0.021991148591041565
2025-05-16T12:24:46.633538,0.05619960278272629,0.004886921960860491,0.00733038317412138
2025-05-16T12:24:46.792745,-0.051312681287527084,-0.025656340643763542,-0.01466076634824276
2025-05-16T12:24:46.953689,0.01466076634824276,-0.03298672288656235,-0.028099801391363144
2025-05-16T12:24:47.112908,0.09285151958465576,-0.08307767659425735,0.013439035043120384
2025-05-16T12:24:47.274422,0.9358455538749695,-0.10506882518529892,-0.025656340643763542
2025-05-16T12:24:47.435440,1.197295904159546,0.004886921960860491,-0.03787364438176155
2025-05-16T12:24:47.596310,-0.26022860407829285,0.22479841113090515,0.01466076634824276
2025-05-16T12:24:47.755061,-0.8649851679801941,0.18448130786418915,0.17104226350784302
2025-05-16T12:24:47.915266,0.015882495790719986,0.018325956538319588,-0.015882495790719986
2025-05-16T12:24:48.076826,-0.22113321721553802,-0.2590068578720093,-0.06963863968849182
2025-05-16T12:24:48.235744,-0.5119050741195679,-0.36163222789764404,-0.09651670604944229
2025-05-16T12:24:48.395995,-0.3530801236629486,-0.384845107793808,-0.16493362188339233
2025-05-16T12:24:48.555608,0.12339477986097336,-0.15027284622192383,-0.3396410644054413
2025-05-16T12:24:48.716584,-0.8246681094169617,0.07941248267889023,0.18814650177955627
2025-05-16T12:24:48.877608,-0.7269296646118164,0.09896016865968704,0.1820378452539444
2025-05-16T12:24:49.038343,0.251676470041275,0.31154128909111023,0.2431243658065796
2025-05-16T12:24:49.197321,0.3286454975605011,0.25534167885780334,0.26022860407829285
2025-05-16T12:24:49.358385,0.3335324227809906,0.08552113175392151,0.08307767659425735
2025-05-16T12:24:49.517477,0.4715879559516907,-0.00366519158706069,0.019547687843441963
2025-05-16T12:24:49.677957,0.19792033731937408,-0.16982053220272064,-0.08185594528913498
2025-05-16T12:24:49.837848,0.13927727937698364,-0.2382374405860901,-0.02321287989616394
2025-05-16T12:24:49.997790,0.19058994948863983,-0.11972958594560623,-0.11972958594560623
2025-05-16T12:24:50.158431,0.0806342139840126,0.0,0.00855211354792118
2025-05-16T12:24:50.318290,0.12461651116609573,0.1111774742603302,0.06963863968849182
2025-05-16T12:24:50.477551,-0.06963863968849182,0.20525072515010834,0.16859880089759827
2025-05-16T12:24:50.638172,-0.028099801391363144,0.22846360504627228,0.09773843735456467
2025-05-16T12:24:50.798261,0.08918632566928864,0.23090706765651703,0.16859880089759827
2025-05-16T12:24:50.958381,-0.045204028487205505,0.10384709388017654,0.1612684279680252
2025-05-16T12:24:51.114730,-0.10751228034496307,0.00733038317412138,0.08918632566928864
2025-05-16T12:24:51.278518,0.2785545587539673,-0.09773843735456467,0.04153883829712868
2025-05-16T12:24:51.437814,-0.15393804013729095,0.13561208546161652,0.2590068578720093
2025-05-16T12:24:51.599646,0.09896016865968704,0.27122417092323303,0.2834414839744568
2025-05-16T12:24:51.758683,0.3090978264808655,0.2675589919090271,0.17348572611808777
2025-05-16T12:24:51.919857,0.2626720666885376,0.20402899384498596,0.09040805697441101
2025-05-16T12:24:52.079172,-0.17104226350784302,0.14905111491680145,-0.09896016865968704
2025-05-16T12:24:52.239040,0.0024434609804302454,-0.3176499307155609,-0.14905111491680145
2025-05-16T12:24:52.399396,0.12950342893600464,-0.23945917189121246,-0.13805554807186127
2025-05-16T12:24:52.559240,0.05864306539297104,-0.18936823308467865,-0.14538592100143433
2025-05-16T12:24:52.716862,0.025656340643763542,-0.1014036312699318,-0.051312681287527084
2025-05-16T12:24:52.879926,-0.4080579876899719,-0.09651670604944229,0.07208210229873657
2025-05-16T12:24:53.038705,0.50335294008255,-0.09162978827953339,0.030543262138962746
2025-05-16T12:24:53.199374,0.5791002511978149,-0.0659734457731247,-0.20402899384498596
2025-05-16T12:24:53.359203,-0.646295428276062,-0.13072516024112701,-0.05009094998240471
2025-05-16T12:24:53.519881,-0.24923302233219147,-0.024434609338641167,-0.030543262138962746
2025-05-16T12:24:53.679246,0.626747727394104,-0.19303341209888458,-0.05009094998240471
2025-05-16T12:24:53.839537,0.16249015927314758,0.0024434609804302454,-0.0024434609804302454
2025-05-16T12:24:53.999355,-0.3530801236629486,0.05742133408784866,0.06108652427792549
2025-05-16T12:24:54.159619,-0.33597588539123535,0.26633724570274353,0.04764748737215996
2025-05-16T12:24:54.318355,0.26633724570274353,0.01710422709584236,-0.09040805697441101
2025-05-16T12:24:54.476898,-0.21624629199504852,-0.04642575979232788,-0.11972958594560623
2025-05-16T12:24:54.639008,0.49235737323760986,-0.2993239760398865,-0.3579670190811157
2025-05-16T12:24:54.799631,0.05742133408784866,-0.18814650177955627,-0.1368338167667389
2025-05-16T12:24:54.958906,0.06963863968849182,-0.17104226350784302,-0.09162978827953339
2025-05-16T12:24:55.122347,-0.19914206862449646,-0.17104226350784302,-0.08307767659425735
2025-05-16T12:24:55.279979,-0.00855211354792118,-0.2736676335334778,-0.2834414839744568
2025-05-16T12:24:55.439914,-0.3335324227809906,-0.3677408695220947,-0.09896016865968704
2025-05-16T12:24:55.599566,-0.2968805134296417,-0.38117989897727966,-0.10262536257505417
2025-05-16T12:24:55.760767,-0.39217549562454224,-0.27611109614372253,0.0757472887635231
2025-05-16T12:24:55.919959,-0.015882495790719986,-0.0024434609804302454,-0.01466076634824276
2025-05-16T12:24:56.080716,0.05009094998240471,0.2431243658065796,0.12950342893600464
2025-05-16T12:24:56.240930,0.06841690838336945,0.1918116807937622,0.07452555745840073
2025-05-16T12:24:56.402849,0.08307767659425735,0.16859880089759827,0.10995574295520782
2025-05-16T12:24:56.560824,0.06963863968849182,0.12217304855585098,0.04398229718208313
2025-05-16T12:24:56.720569,-0.0403171069920063,0.036651913076639175,-0.01710422709584236
2025-05-16T12:24:56.881283,0.04642575979232788,-0.009773843921720982,-0.00855211354792118
2025-05-16T12:24:57.041045,-0.03176499158143997,0.05864306539297104,-0.03298672288656235
2025-05-16T12:24:57.202845,-0.09651670604944229,-0.2064724564552307,-0.1258382350206375
2025-05-16T12:24:57.361795,-0.059864792972803116,-0.4691445231437683,-0.23335053026676178
2025-05-16T12:24:57.520916,0.02076941914856434,-0.5583308339118958,-0.2541199326515198
2025-05-16T12:24:57.682781,-0.09529497474431992,-0.6230825781822205,-0.38117989897727966
2025-05-16T12:24:57.841300,-0.6096435189247131,-0.9321803450584412,-0.6206390857696533
2025-05-16T12:24:58.002781,-0.2981022298336029,-1.55892813205719,-0.7489207983016968
2025-05-16T12:24:58.158856,-0.5827654600143433,-1.330464482307434,-0.5400048494338989
2025-05-16T12:24:58.321230,-0.6377432942390442,-1.2852604389190674,-0.646295428276062
2025-05-16T12:24:58.484634,-0.45326200127601624,-1.1826350688934326,-0.4740314185619354
2025-05-16T12:24:58.636552,-0.22846360504627228,-0.6291912198066711,-0.2370157092809677
2025-05-16T12:24:58.801680,-0.018325956538319588,-0.32620203495025635,-0.21502456068992615
2025-05-16T12:24:58.961787,0.059864792972803116,0.019547687843441963,0.10751228034496307
2025-05-16T12:24:59.121793,0.3885102868080139,0.44226643443107605,0.2736676335334778
2025-05-16T12:24:59.280518,0.6548475623130798,0.7623597979545593,0.6059783101081848
2025-05-16T12:24:59.440668,0.8503243923187256,0.7709119319915771,0.6524040699005127
2025-05-16T12:24:59.601683,0.35552358627319336,0.9382890462875366,0.46303585171699524
2025-05-16T12:24:59.762426,0.41172316670417786,0.6646214127540588,0.15393804013729095
2025-05-16T12:24:59.923007,0.31154128909111023,0.7843509912490845,0.22479841113090515
2025-05-16T12:25:00.082268,0.16859880089759827,0.5607742667198181,0.06963863968849182
2025-05-16T12:25:00.243464,-0.25045475363731384,-0.04153883829712868,0.15271630883216858
2025-05-16T12:25:00.402540,-0.46547931432724,-0.3677408695220947,-0.1918116807937622
2025-05-16T12:25:00.563368,-0.5448917746543884,-0.5656611919403076,-0.32620203495025635
2025-05-16T12:25:00.720932,-0.27000242471694946,-0.7000515460968018,-0.29565876722335815
2025-05-16T12:25:00.884574,-0.08307767659425735,-0.19914206862449646,-0.19792033731937408
2025-05-16T12:25:01.042643,0.22357667982578278,0.49235737323760986,-0.10751228034496307
2025-05-16T12:25:01.200583,0.5937610268592834,0.43615779280662537,0.29077184200286865
2025-05-16T12:25:01.363793,0.16371189057826996,0.7391469478607178,0.3689626157283783
2025-05-16T12:25:01.523246,0.35674530267715454,0.35552358627319336,0.08918632566928864
2025-05-16T12:25:01.682711,0.608421802520752,0.32620203495025635,0.12095131725072861
2025-05-16T12:25:01.839719,0.394618958234787,0.1319468915462494,-0.013439035043120384
2025-05-16T12:25:02.001239,0.15515977144241333,0.07208210229873657,0.07330382615327835
2025-05-16T12:25:02.163409,0.34208452701568604,-0.06108652427792549,-0.025656340643763542
2025-05-16T12:25:02.322932,0.04398229718208313,-0.09651670604944229,-0.06963863968849182
2025-05-16T12:25:02.483349,-0.36529740691185,0.030543262138962746,-0.024434609338641167
2025-05-16T12:25:02.641535,-0.07819075137376785,-0.00366519158706069,-0.05619960278272629
2025-05-16T12:25:02.801392,0.039095375686883926,-0.06475171446800232,0.013439035043120384
2025-05-16T12:25:02.962991,0.2590068578720093,-0.12217304855585098,-0.05742133408784866
2025-05-16T12:25:03.122748,-0.03787364438176155,-0.09162978827953339,-0.024434609338641167
2025-05-16T12:25:03.282183,-0.9334021210670471,0.17104226350784302,0.10262536257505417
2025-05-16T12:25:03.440966,-0.04642575979232788,0.04153883829712868,-0.010995574295520782
2025-05-16T12:25:03.601850,0.009773843921720982,0.06352998316287994,-0.036651913076639175
2025-05-16T12:25:03.764806,-0.0354301854968071,0.006108652334660292,-0.00366519158706069
2025-05-16T12:25:03.922856,-0.039095375686883926,-0.0012217304902151227,0.03787364438176155
2025-05-16T12:25:04.083059,0.045204028487205505,-0.06719517707824707,0.08429940044879913
2025-05-16T12:25:04.243137,0.030543262138962746,-0.04764748737215996,0.02076941914856434
2025-05-16T12:25:04.403473,0.042760565876960754,0.019547687843441963,0.02321287989616394
2025-05-16T12:25:04.563017,-0.010995574295520782,0.059864792972803116,0.012217304669320583
2025-05-16T12:25:04.723537,-0.03176499158143997,0.04398229718208313,0.0403171069920063
2025-05-16T12:25:04.883481,0.09651670604944229,0.028099801391363144,0.05864306539297104
2025-05-16T12:25:05.043842,0.013439035043120384,0.01710422709584236,0.08918632566928864
2025-05-16T12:25:05.202603,-0.036651913076639175,0.0708603709936142,0.02321287989616394
2025-05-16T12:25:05.363931,0.05253441259264946,-0.013439035043120384,0.13316862285137177
2025-05-16T12:25:05.523650,0.3701843321323395,-0.07208210229873657,-0.08918632566928864
2025-05-16T12:25:05.684035,0.13927727937698364,-0.16493362188339233,0.04153883829712868
2025-05-16T12:25:05.842964,0.09896016865968704,-0.11728613078594208,-0.07941248267889023
2025-05-16T12:25:06.003650,0.22846360504627228,-0.1014036312699318,-0.06719517707824707
2025-05-16T12:25:06.163443,0.15760323405265808,-0.11728613078594208,-0.02932153269648552
2025-05-16T12:25:06.324342,-0.20402899384498596,-0.039095375686883926,0.03787364438176155
2025-05-16T12:25:06.483446,-0.4349360466003418,-0.05864306539297104,0.02321287989616394
2025-05-16T12:25:06.645280,-0.3078760802745819,0.013439035043120384,0.01466076634824276
2025-05-16T12:25:06.803635,-0.08796459436416626,-0.010995574295520782,-0.00855211354792118
2025-05-16T12:25:06.962954,0.4544837474822998,-0.021991148591041565,-0.07819075137376785
2025-05-16T12:25:07.123441,-0.21013765037059784,0.1368338167667389,0.04398229718208313
2025-05-16T12:25:07.286570,-0.24678955972194672,0.18814650177955627,0.18570303916931152
2025-05-16T12:25:07.444389,-0.0757472887635231,0.18325957655906677,0.1722639948129654
2025-05-16T12:25:07.604676,0.06230825558304787,0.11239920556545258,0.13805554807186127
2025-05-16T12:25:07.760922,0.06841690838336945,0.06108652427792549,0.08185594528913498
2025-05-16T12:25:07.923762,0.16371189057826996,0.1111774742603302,0.05497787147760391
2025-05-16T12:25:08.083691,0.11484266817569733,0.08796459436416626,0.018325956538319588
2025-05-16T12:25:08.244537,-0.07819075137376785,0.015882495790719986,-0.0659734457731247
2025-05-16T12:25:08.403346,-0.042760565876960754,0.015882495790719986,-0.13439035415649414
2025-05-16T12:25:08.563239,0.27977627515792847,0.14538592100143433,-0.0659734457731247
2025-05-16T12:25:08.724708,0.12461651116609573,0.2919935882091522,0.11362093687057495
2025-05-16T12:25:08.885223,0.05497787147760391,-0.06963863968849182,-0.07941248267889023
2025-05-16T12:25:09.043881,0.03420845419168472,-0.12828169763088226,-0.2064724564552307
2025-05-16T12:25:09.205103,-0.14049901068210602,-0.20036379992961884,-0.15515977144241333
2025-05-16T12:25:09.362925,-0.24434609711170197,-0.24190263450145721,-0.20525072515010834
2025-05-16T12:25:09.524368,-0.2125810980796814,-0.3335324227809906,-0.1820378452539444
2025-05-16T12:25:09.684681,-0.1820378452539444,-0.37751471996307373,-0.0354301854968071
2025-05-16T12:25:09.843717,-0.09529497474431992,-0.28466320037841797,0.00366519158706069
2025-05-16T12:25:10.002810,0.13439035415649414,-0.2321287989616394,0.04642575979232788
2025-05-16T12:25:10.166061,-0.2687807083129883,-0.1918116807937622,-0.07330382615327835
2025-05-16T12:25:10.323607,-0.17348572611808777,-0.2577851414680481,-0.05253441259264946
2025-05-16T12:25:10.485389,-0.2590068578720093,-0.09040805697441101,0.10018189996480942
2025-05-16T12:25:10.643685,0.07452555745840073,-0.018325956538319588,-0.06841690838336945
2025-05-16T12:25:10.804433,0.02321287989616394,0.00733038317412138,0.015882495790719986
2025-05-16T12:25:10.964072,-0.09651670604944229,0.05253441259264946,0.1319468915462494
2025-05-16T12:25:11.119768,0.0,0.08918632566928864,0.11972958594560623
2025-05-16T12:25:11.284445,0.16004669666290283,0.13316862285137177,0.10262536257505417
2025-05-16T12:25:11.443730,0.27000242471694946,0.07819075137376785,-0.019547687843441963
2025-05-16T12:25:11.603925,0.2076941877603531,0.12950342893600464,-0.07941248267889023
2025-05-16T12:25:11.766314,0.018325956538319588,0.23090706765651703,0.01710422709584236
2025-05-16T12:25:11.926537,0.04886921867728233,0.2528982162475586,0.0757472887635231
2025-05-16T12:25:12.086316,0.03298672288656235,0.2321287989616394,0.18936823308467865
2025-05-16T12:25:12.244401,0.8930850028991699,0.06841690838336945,0.10018189996480942
2025-05-16T12:25:12.405737,1.1520918607711792,-0.14294247329235077,-0.05864306539297104
2025-05-16T12:25:12.565348,3.393967390060425,-0.05253441259264946,-0.2932153046131134
2025-05-16T12:25:12.727075,-0.042760565876960754,0.059864792972803116,-0.2015855312347412
2025-05-16T12:25:12.887543,-0.49846604466438293,-0.21380282938480377,-1.2107349634170532
2025-05-16T12:25:13.048378,0.7855727076530457,-0.5791002511978149,-2.582738161087036
2025-05-16T12:25:13.192075,-0.22602014243602753,-0.9382890462875366,-2.478891134262085
2025-05-16T12:25:13.354448,-1.037249207496643,-0.48747047781944275,-1.7751743793487549
2025-05-16T12:25:13.515506,1.9901989698410034,0.13927727937698364,-0.9468411207199097
2025-05-16T12:25:13.673728,-0.18814650177955627,0.5558874011039734,-0.036651913076639175
2025-05-16T12:25:13.836083,-0.799011766910553,0.6328563690185547,0.5082398653030396
2025-05-16T12:25:13.996553,0.1661553531885147,0.3604104816913605,-0.00733038317412138
2025-05-16T12:25:14.156075,-0.8808676600456238,0.1258382350206375,0.1612684279680252
2025-05-16T12:25:14.311518,0.6255260109901428,0.394618958234787,0.0024434609804302454
2025-05-16T12:25:14.476956,-0.7122688889503479,0.04764748737215996,-0.2773328125476837
2025-05-16T12:25:14.637544,-0.4691445231437683,0.06230825558304787,-0.3604104816913605
2025-05-16T12:25:14.796561,-0.2822197377681732,-0.08796459436416626,-0.6572909951210022
2025-05-16T12:25:14.956981,0.7660250067710876,-0.04398229718208313,-0.1918116807937622
2025-05-16T12:25:15.119565,0.21135938167572021,-0.08429940044879913,-0.15393804013729095
2025-05-16T12:25:15.279708,-0.08552113175392151,-0.021991148591041565,0.11972958594560623
2025-05-16T12:25:15.439695,0.5167919993400574,0.00733038317412138,0.24678955972194672
2025-05-16T12:25:15.600659,0.08307767659425735,-0.2015855312347412,0.35674530267715454
2025-05-16T12:25:15.742484,-0.5265658497810364,-0.4153883755207062,0.3689626157283783
2025-05-16T12:25:15.905513,-0.41661009192466736,-0.4960225820541382,0.14782938361167908
2025-05-16T12:25:16.063610,0.37140607833862305,-0.28955012559890747,-0.030543262138962746
2025-05-16T12:25:16.225166,0.05619960278272629,-0.22846360504627228,0.11362093687057495
2025-05-16T12:25:16.383825,-0.12950342893600464,-0.00733038317412138,0.021991148591041565
2025-05-16T12:25:16.546259,-0.07819075137376785,0.14538592100143433,-0.16249015927314758
2025-05-16T12:25:16.702538,-0.32620203495025635,0.2724458873271942,-0.39095374941825867
2025-05-16T12:25:16.866176,-0.22602014243602753,0.2822197377681732,-0.37629300355911255
2025-05-16T12:25:17.025355,-0.22968533635139465,0.21502456068992615,-0.24923302233219147
2025-05-16T12:25:17.185334,-0.32131510972976685,0.2785545587539673,-0.11362093687057495
2025-05-16T12:25:17.344013,-0.08918632566928864,0.16859880089759827,-0.03420845419168472
2025-05-16T12:25:17.504931,0.0806342139840126,-0.09896016865968704,-0.01466076634824276
2025-05-16T12:25:17.665920,0.21135938167572021,-0.12339477986097336,0.10262536257505417
2025-05-16T12:25:17.826326,0.31031954288482666,-0.19303341209888458,0.05742133408784866
2025-05-16T12:25:17.986041,0.10018189996480942,-0.22968533635139465,0.019547687843441963
2025-05-16T12:25:18.146641,-0.009773843921720982,-0.02687807008624077,0.06719517707824707
2025-05-16T12:25:18.306243,-0.07941248267889023,0.02932153269648552,0.05864306539297104
2025-05-16T12:25:18.466190,-0.09529497474431992,0.07819075137376785,0.06352998316287994
2025-05-16T12:25:18.625694,-0.05742133408784866,0.06230825558304787,0.0403171069920063
2025-05-16T12:25:18.785355,-0.05864306539297104,0.05864306539297104,-0.0012217304902151227
2025-05-16T12:25:18.946087,-0.03787364438176155,0.06352998316287994,-0.019547687843441963
2025-05-16T12:25:19.105854,0.02076941914856434,0.01466076634824276,-0.025656340643763542
2025-05-16T12:25:19.266316,-0.17104226350784302,0.030543262138962746,0.05497787147760391
2025-05-16T12:25:19.427213,0.03787364438176155,-0.015882495790719986,-0.05742133408784866
2025-05-16T12:25:19.586352,0.004886921960860491,-0.00366519158706069,-0.04398229718208313
2025-05-16T12:25:19.746466,0.03420845419168472,-0.06230825558304787,-0.012217304669320583
2025-05-16T12:25:19.906716,0.06108652427792549,-0.0354301854968071,-0.012217304669320583
2025-05-16T12:25:20.067942,0.0659734457731247,-0.039095375686883926,-0.036651913076639175
2025-05-16T12:25:20.227739,0.0403171069920063,0.025656340643763542,-0.01710422709584236
2025-05-16T12:25:20.389041,-0.1160643994808197,0.0708603709936142,-0.00733038317412138
2025-05-16T12:25:20.548476,-0.028099801391363144,-0.021991148591041565,-0.00366519158706069
2025-05-16T12:25:20.708937,0.042760565876960754,-0.05497787147760391,-0.018325956538319588
2025-05-16T12:25:20.869311,-0.021991148591041565,0.009773843921720982,0.02687807008624077
2025-05-16T12:25:21.030524,-0.019547687843441963,0.02687807008624077,0.02687807008624077
2025-05-16T12:25:21.191211,-0.045204028487205505,-0.010995574295520782,-0.010995574295520782
2025-05-16T12:25:21.351900,-0.02321287989616394,0.012217304669320583,0.00855211354792118
2025-05-16T12:25:21.510128,0.0012217304902151227,-0.00733038317412138,0.01466076634824276
2025-05-16T12:25:21.674671,-0.0024434609804302454,-0.006108652334660292,0.00733038317412138
2025-05-16T12:25:21.832616,0.010995574295520782,-0.006108652334660292,0.0
2025-05-16T12:25:21.993226,0.006108652334660292,0.0,0.0024434609804302454
2025-05-16T12:25:22.154406,0.0024434609804302454,-0.00366519158706069,-0.01466076634824276
2025-05-16T12:25:22.315341,-0.009773843921720982,0.013439035043120384,-0.00366519158706069
2025-05-16T12:25:22.474718,0.0,0.00855211354792118,-0.006108652334660292
2025-05-16T12:25:22.635708,-0.015882495790719986,0.012217304669320583,-0.010995574295520782
2025-05-16T12:25:22.794818,-0.00733038317412138,0.004886921960860491,0.0012217304902151227
2025-05-16T12:25:22.956723,0.009773843921720982,-0.006108652334660292,0.010995574295520782
2025-05-16T12:25:23.118258,0.009773843921720982,-0.009773843921720982,0.010995574295520782
2025-05-16T12:25:23.278894,-0.01710422709584236,0.0012217304902151227,0.0
2025-05-16T12:25:23.437471,-0.01710422709584236,0.01466076634824276,0.006108652334660292
2025-05-16T12:25:23.599043,-0.012217304669320583,-0.0024434609804302454,-0.0012217304902151227
2025-05-16T12:25:23.757020,-0.006108652334660292,-0.006108652334660292,0.0012217304902151227
2025-05-16T12:25:23.920959,-0.00855211354792118,-0.0012217304902151227,0.0024434609804302454
2025-05-16T12:25:24.079753,0.00366519158706069,0.012217304669320583,0.009773843921720982
2025-05-16T12:25:24.240719,0.004886921960860491,-0.004886921960860491,-0.00366519158706069
2025-05-16T12:25:24.400078,0.004886921960860491,-0.00366519158706069,-0.004886921960860491
2025-05-16T12:25:24.542323,0.0,0.0,0.0012217304902151227
2025-05-16T12:25:24.702758,-0.00855211354792118,0.006108652334660292,-0.0012217304902151227
2025-05-16T12:25:24.862843,0.00733038317412138,-0.004886921960860491,-0.009773843921720982
2025-05-16T12:25:25.024973,-0.01466076634824276,0.010995574295520782,-0.004886921960860491
2025-05-16T12:25:25.184263,-0.004886921960860491,0.010995574295520782,-0.004886921960860491
2025-05-16T12:25:25.346147,0.006108652334660292,-0.0024434609804302454,-0.004886921960860491
2025-05-16T12:25:25.484592,-0.00855211354792118,0.00366519158706069,-0.00733038317412138
2025-05-16T12:25:25.647126,-0.00366519158706069,0.0012217304902151227,0.004886921960860491
2025-05-16T12:25:25.808762,-0.004886921960860491,-0.012217304669320583,0.0012217304902151227
2025-05-16T12:25:25.968096,0.010995574295520782,-0.010995574295520782,0.006108652334660292
2025-05-16T12:25:26.126857,0.0,-0.01710422709584236,0.00733038317412138
2025-05-16T12:25:26.288309,0.01710422709584236,-0.021991148591041565,0.02321287989616394
2025-05-16T12:25:26.451338,0.042760565876960754,-0.02076941914856434,0.025656340643763542
2025-05-16T12:25:26.610803,0.03787364438176155,-0.05009094998240471,0.010995574295520782
2025-05-16T12:25:26.772952,0.024434609338641167,-0.02932153269648552,0.02076941914856434
2025-05-16T12:25:26.931587,0.042760565876960754,-0.0354301854968071,0.02321287989616394
2025-05-16T12:25:27.091992,0.028099801391363144,-0.045204028487205505,0.021991148591041565
2025-05-16T12:25:27.252444,0.051312681287527084,-0.09285151958465576,0.028099801391363144
2025-05-16T12:25:27.413388,0.33719760179519653,-0.3885102868080139,0.06108652427792549
2025-05-16T12:25:27.570066,0.47769662737846375,-0.4153883755207062,0.08674286305904388
2025-05-16T12:25:27.733173,0.4789183437824249,-0.44226643443107605,0.1062905490398407
2025-05-16T12:25:27.876550,0.5338962078094482,-0.44593164324760437,0.12095131725072861
2025-05-16T12:25:28.036273,0.485027015209198,-0.40683624148368835,0.12461651116609573
2025-05-16T12:25:28.196729,0.41172316670417786,-0.39706242084503174,0.06963863968849182
2025-05-16T12:25:28.356028,0.2382374405860901,-0.23945917189121246,0.00366519158706069
2025-05-16T12:25:28.517761,0.024434609338641167,-0.00855211354792118,-0.04764748737215996
2025-05-16T12:25:28.678743,-0.13927727937698364,0.16737708449363708,-0.10018189996480942
2025-05-16T12:25:28.839380,-0.2736676335334778,0.27977627515792847,-0.15882496535778046
2025-05-16T12:25:28.999539,-0.32986724376678467,0.3591887652873993,-0.12461651116609573
2025-05-16T12:25:29.159509,-0.2687807083129883,0.3066543638706207,-0.11728613078594208
2025-05-16T12:25:29.299037,-0.2883284091949463,0.22479841113090515,-0.18081611394882202
2025-05-16T12:25:29.461381,-0.3090978264808655,0.38117989897727966,-0.11728613078594208
2025-05-16T12:25:29.622086,-0.375071257352829,0.3445279896259308,-0.17470745742321014
2025-05-16T12:25:29.763060,-0.3579670190811157,0.3897320330142975,-0.16249015927314758
2025-05-16T12:25:29.923957,-0.3029891550540924,0.49846604466438293,-0.13805554807186127
2025-05-16T12:25:30.082984,-0.34086281061172485,0.40072759985923767,-0.13316862285137177
2025-05-16T12:25:30.224440,-0.251676470041275,0.12828169763088226,-0.07208210229873657
2025-05-16T12:25:30.387615,0.22602014243602753,-0.11728613078594208,0.006108652334660292
2025-05-16T12:25:30.546320,1.1154398918151855,-0.00366519158706069,-0.10506882518529892
2025-05-16T12:25:30.706084,0.8478809595108032,-0.12095131725072861,0.015882495790719986
2025-05-16T12:25:30.867419,0.3836233615875244,-0.015882495790719986,-0.03787364438176155
2025-05-16T12:25:31.028875,-0.10873401165008545,0.05253441259264946,-0.019547687843441963
2025-05-16T12:25:31.187645,0.6487388610839844,-0.10995574295520782,-0.18936823308467865
2025-05-16T12:25:31.349115,-0.32620203495025635,-0.05742133408784866,0.12950342893600464
2025-05-16T12:25:31.507407,-0.4495968222618103,0.06352998316287994,0.25534167885780334
2025-05-16T12:25:31.670640,-0.3090978264808655,-0.018325956538319588,0.12217304855585098
2025-05-16T12:25:31.830684,-0.09651670604944229,-0.16004669666290283,0.0354301854968071
2025-05-16T12:25:31.990717,0.5607742667198181,-0.15393804013729095,-0.05742133408784866
2025-05-16T12:25:32.151164,-0.6194173693656921,0.5510004758834839,0.12217304855585098
2025-05-16T12:25:32.309138,-0.015882495790719986,0.08307767659425735,0.05864306539297104
2025-05-16T12:25:32.465360,1.843591332435608,0.07696902006864548,-0.3530801236629486
2025-05-16T12:25:32.627355,0.5119050741195679,0.0806342139840126,-0.21013765037059784
2025-05-16T12:25:32.796382,0.08429940044879913,0.0354301854968071,-0.042760565876960754
2025-05-16T12:25:32.943352,0.10384709388017654,0.009773843921720982,0.024434609338641167
2025-05-16T12:25:33.107007,-0.028099801391363144,-0.015882495790719986,0.0403171069920063
2025-05-16T12:25:33.264035,0.02932153269648552,-0.01710422709584236,0.04398229718208313
2025-05-16T12:25:33.431014,0.06841690838336945,-0.02076941914856434,0.024434609338641167
2025-05-16T12:25:33.585205,0.02076941914856434,0.0012217304902151227,0.0012217304902151227
2025-05-16T12:25:33.744749,0.00733038317412138,-0.012217304669320583,-0.004886921960860491
2025-05-16T12:25:33.905234,-0.0024434609804302454,0.00733038317412138,0.00366519158706069
2025-05-16T12:26:06.804569,0.010995574295520782,-0.00366519158706069,0.015882495790719986
2025-05-16T12:26:06.886611,0.21868975460529327,0.22602014243602753,-0.22846360504627228
2025-05-16T12:26:07.043219,-0.5241223573684692,-0.07696902006864548,-0.7440338730812073
2025-05-16T12:26:07.202194,-9.516058921813965,1.1020009517669678,-1.1313223838806152
2025-05-16T12:26:07.368866,-1.303586483001709,2.1587977409362793,-0.13072516024112701
2025-05-16T12:26:07.522496,0.616973876953125,1.9462167024612427,-0.4300491213798523
2025-05-16T12:26:07.685191,0.6548475623130798,1.870469331741333,-0.24556782841682434
2025-05-16T12:26:07.846940,1.4245377779006958,1.0311405658721924,-0.7586946487426758
2025-05-16T12:26:08.004367,-0.10995574295520782,1.1545352935791016,-0.4056145250797272
2025-05-16T12:26:08.164373,2.2956316471099854,0.8649851679801941,0.04886921867728233
2025-05-16T12:26:08.326197,0.9248499870300293,0.3090978264808655,0.05619960278272629
2025-05-16T12:26:08.486085,0.8698720932006836,0.00855211354792118,0.38728857040405273
2025-05-16T12:26:08.643713,1.3084733486175537,-0.02687807008624077,0.11850785464048386
2025-05-16T12:26:08.804814,0.7147123217582703,-0.3689626157283783,0.1612684279680252
2025-05-16T12:26:08.971857,1.0238101482391357,-0.0659734457731247,-0.5155702829360962
2025-05-16T12:26:09.130641,-1.1643091440200806,-0.1417207419872284,1.712866187095642
2025-05-16T12:26:09.287105,0.7733554244041443,-1.2424999475479126,-1.1447614431381226
2025-05-16T12:26:09.444830,1.9339994192123413,-1.1704177856445312,-0.9822713136672974
2025-05-16T12:26:09.612009,1.7825047969818115,-1.2705997228622437,-0.1661553531885147
2025-05-16T12:26:09.776702,1.0983357429504395,-0.6499606370925903,0.05497787147760391
2025-05-16T12:26:09.929942,1.7238616943359375,-0.10751228034496307,0.37140607833862305
2025-05-17T21:05:18.159207,0.7941248416900635,-0.34208452701568604,0.2785545587539673
2025-05-17T21:05:18.159784,-0.05864306539297104,0.15760323405265808,-0.013439035043120384
2025-05-17T21:05:18.160319,0.7073819637298584,-0.2968805134296417,-0.04764748737215996
2025-05-17T21:05:18.160795,0.9761626720428467,-0.24556782841682434,0.4080579876899719
2025-05-17T21:05:18.161033,-1.5076154470443726,-0.16004669666290283,-0.2174680233001709
2025-05-17T21:05:18.161460,-0.4593706727027893,0.3481931984424591,0.2174680233001709
2025-05-17T21:05:18.161734,2.0219640731811523,-0.2834414839744568,0.14905111491680145
2025-05-17T21:05:18.161940,0.5583308339118958,-0.3445279896259308,0.1869247704744339
2025-05-17T21:05:18.162182,-0.251676470041275,0.23457226157188416,-0.1466076523065567
2025-05-17T21:05:18.162499,-2.85274076461792,-0.0806342139840126,0.18570303916931152
2025-05-17T21:05:18.162771,-0.8662069439888,0.9187413454055786,0.6695083379745483
2025-05-17T21:05:18.163210,-4.145331382751465,2.087937355041504,0.988379955291748
2025-05-17T21:05:18.163486,-3.6334264278411865,2.1123719215393066,1.370781660079956
2025-05-17T21:05:18.163754,-2.1343631744384766,-1.0641272068023682,1.1068878173828125
2025-05-17T21:05:18.163967,-1.2803735733032227,-1.4110987186431885,0.7867944240570068
2025-05-17T21:05:18.164290,-0.27611109614372253,-1.1655309200286865,-0.019547687843441963
2025-05-17T21:05:18.164810,1.7825047969818115,-0.7623597979545593,-0.08185594528913498
2025-05-17T21:05:18.165049,-0.5742133259773254,-0.6621779203414917,0.3787364661693573
2025-05-17T21:05:18.165297,0.12339477986097336,1.4672982692718506,-0.8747590184211731
2025-05-17T21:05:18.165534,0.32131510972976685,1.0543533563613892,-1.1850786209106445
2025-05-17T21:05:18.165769,0.46303585171699524,-1.3243558406829834,0.17470745742321014
2025-05-17T21:05:18.166012,0.9627236127853394,-1.1801916360855103,-0.1918116807937622
2025-05-17T21:05:18.166317,1.6175711154937744,-0.911410927772522,-0.0354301854968071
2025-05-17T21:05:18.166761,1.7654005289077759,0.10018189996480942,0.2028072625398636
2025-05-17T21:05:18.167174,1.0152580738067627,0.47280970215797424,-0.07330382615327835
2025-05-17T21:05:18.167524,0.15515977144241333,-0.3897320330142975,0.3274237811565399
2025-05-17T21:05:18.167831,-0.6524040699005127,0.22602014243602753,0.11728613078594208
2025-05-17T21:05:18.168207,0.04642575979232788,-0.34574973583221436,-0.13561208546161652
2025-05-17T21:05:18.168408,-3.1251866817474365,0.616973876953125,-0.39584067463874817
2025-05-17T21:05:18.168627,1.6175711154937744,1.1911872625350952,-1.2046263217926025
2025-05-17T21:05:18.168840,1.4489723443984985,-0.2480112910270691,-1.2583824396133423
2025-05-17T21:05:18.169522,1.0005972385406494,-0.5363397002220154,-0.8258898258209229
2025-05-17T21:05:18.169849,0.23090706765651703,-0.1417207419872284,-0.66584312915802
2025-05-17T21:05:18.170279,0.9529497623443604,0.5119050741195679,2.4239132404327393
2025-05-17T21:05:18.170672,0.0024434609804302454,-0.018325956538319588,-0.030543262138962746
2025-05-17T21:05:18.170996,-0.03787364438176155,0.05619960278272629,-0.025656340643763542
2025-05-17T21:05:18.171457,-0.19547687470912933,-0.036651913076639175,0.08185594528913498
2025-05-17T21:05:18.171719,-0.08674286305904388,-0.0024434609804302454,0.13561208546161652
2025-05-17T21:05:18.171954,-0.03298672288656235,0.1014036312699318,0.1466076523065567
2025-05-17T21:05:18.172181,0.08429940044879913,0.13072516024112701,0.1368338167667389
2025-05-17T21:05:18.172560,0.04764748737215996,0.10506882518529892,0.07696902006864548
2025-05-17T21:05:18.172965,0.0354301854968071,0.05009094998240471,-0.0354301854968071
2025-05-17T21:05:18.173281,0.018325956538319588,-0.009773843921720982,-0.05864306539297104
2025-05-17T21:05:18.173517,-0.00855211354792118,-0.018325956538319588,-0.02687807008624077
2025-05-17T21:05:18.173727,0.07696902006864548,-0.03787364438176155,-0.06475171446800232
2025-05-17T21:05:18.173946,-1.1349875926971436,-0.29077184200286865,0.33719760179519653
2025-05-17T21:05:18.174184,-2.6731462478637695,-1.470963478088379,-1.5173892974853516
2025-05-17T21:05:18.174463,-3.5515706539154053,-1.0348057746887207,-2.3127357959747314
2025-05-17T21:05:18.174806,-1.7201964855194092,-0.6059783101081848,-1.8020524978637695
2025-05-17T21:05:18.175017,-0.8613200187683105,0.24190263450145721,0.3335324227809906
2025-05-17T21:05:18.175268,0.10018189996480942,0.5155702829360962,0.8246681094169617
2025-05-17T21:05:18.175820,0.7672467231750488,-0.3017674386501312,0.15393804013729095
2025-05-17T21:05:18.176017,-0.24556782841682434,0.17104226350784302,0.22846360504627228
2025-05-17T21:05:18.176666,0.08796459436416626,-0.05497787147760391,-0.28466320037841797
2025-05-17T21:05:18.177038,-0.4691445231437683,0.11239920556545258,0.1270599663257599
2025-05-17T21:05:18.177875,-0.3139847218990326,0.08796459436416626,0.3188716471195221
2025-05-17T21:05:18.178419,-0.607200026512146,-0.17592918872833252,0.2015855312347412
2025-05-17T21:05:18.178798,-0.21135938167572021,-0.36529740691185,0.33719760179519653
2025-05-17T21:05:18.179115,0.06108652427792549,-0.0024434609804302454,-0.19058994948863983
2025-05-17T21:05:18.179482,-0.16982053220272064,-0.5766568183898926,0.18936823308467865
2025-05-17T21:05:18.179895,-0.4251621961593628,-0.4691445231437683,0.12950342893600464
2025-05-17T21:05:18.180103,0.0,-0.12950342893600464,0.15271630883216858
2025-05-17T21:05:18.180328,-0.04642575979232788,0.01710422709584236,0.18814650177955627
2025-05-17T21:05:18.180532,0.455705463886261,-0.15393804013729095,-0.021991148591041565
2025-05-17T21:05:18.180937,-0.27611109614372253,-0.02321287989616394,-0.13072516024112701
2025-05-17T21:05:18.181349,-0.13316862285137177,0.13805554807186127,-0.23090706765651703
2025-05-17T21:05:18.181716,0.0708603709936142,0.2321287989616394,-0.2125810980796814
2025-05-17T21:05:18.181973,-0.15027284622192383,0.0,-0.10506882518529892
2025-05-17T21:05:18.182274,1.8289304971694946,-0.03298672288656235,-0.9321803450584412
2025-05-17T21:05:18.182608,1.8582520484924316,0.02932153269648552,-0.025656340643763542
2025-05-17T21:05:18.182879,1.1020009517669678,0.504574716091156,2.2907447814941406
2025-05-17T21:05:18.183086,1.0030407905578613,-0.1062905490398407,1.2473868131637573
2025-05-17T21:05:18.183454,0.3701843321323395,-0.7293730974197388,-0.1966986060142517
2025-05-17T21:05:18.183943,0.17592918872833252,-0.789237916469574,-0.5424483418464661
2025-05-17T21:05:18.184401,0.750142514705658,-0.6988298296928406,0.43249258399009705
2025-05-17T21:05:18.184778,0.779464066028595,-0.3066543638706207,0.6499606370925903
2025-05-17T21:05:18.185108,0.5094616413116455,-0.34574973583221436,0.4495968222618103
2025-05-17T21:05:18.185383,0.5082398653030396,-0.2675589919090271,0.4996877610683441
2025-05-17T21:05:18.185783,0.1820378452539444,-0.675616979598999,0.41661009192466736
2025-05-17T21:05:18.186024,0.4715879559516907,-1.1191051006317139,0.17348572611808777
2025-05-17T21:05:18.186638,0.5510004758834839,-0.616973876953125,0.4948008358478546
2025-05-17T21:05:18.186927,0.9517280459403992,-0.43615779280662537,0.6291912198066711
2025-05-17T21:05:18.187129,-1.470963478088379,-0.16493362188339233,1.3683381080627441
2025-05-17T21:05:18.187698,-0.7464773058891296,-0.43737950921058655,0.5619960427284241
2025-05-17T21:05:18.187944,-1.5528194904327393,-0.5106833577156067,0.36651915311813354
2025-05-17T21:05:18.188220,-1.5320500135421753,0.8686503767967224,-0.05742133408784866
2025-05-17T21:05:18.188432,-0.5583308339118958,-0.33475416898727417,1.0042624473571777
2025-05-17T21:05:18.188714,-4.239404678344727,0.018325956538319588,1.8154915571212769
2025-05-17T21:05:18.188949,7.110471248626709,-2.322509765625,-0.46547931432724
2025-05-17T21:05:18.189377,6.078109264373779,0.6792821288108826,0.8100073337554932
2025-05-17T21:05:18.190059,4.472755432128906,0.3689626157283783,0.1014036312699318
2025-05-17T21:05:18.190266,-5.17525053024292,0.8100073337554932,0.7770205736160278
2025-05-17T21:05:18.190587,-0.37140607833862305,1.3292428255081177,2.185675859451294
2025-05-17T21:05:18.190989,0.8014551997184753,2.2492058277130127,1.5919147729873657
2025-05-17T21:05:18.191247,2.3347270488739014,2.7476718425750732,0.9724974632263184
2025-05-17T21:05:18.191518,-0.4202753007411957,-0.2431243658065796,1.6285667419433594
2025-05-17T21:05:18.191829,-0.7733554244041443,-3.506366491317749,-3.9351940155029297
2025-05-17T21:05:18.192051,-3.304780960083008,-2.3970351219177246,-0.38117989897727966
2025-05-17T21:05:18.192444,-0.8002334833145142,-1.6090190410614014,0.019547687843441963
2025-05-17T21:05:18.192790,-0.12828169763088226,-0.8442157506942749,-0.33597588539123535
2025-05-17T21:05:18.192998,-0.5363397002220154,-0.4056145250797272,0.00733038317412138
2025-05-17T21:05:18.193285,0.2834414839744568,-0.07452555745840073,0.2125810980796814
2025-05-17T21:05:18.193640,-0.06719517707824707,0.05864306539297104,-0.07819075137376785
2025-05-17T21:05:18.193990,-0.20891591906547546,0.09529497474431992,-0.09285151958465576
2025-05-17T21:05:18.194237,0.5009095072746277,0.07696902006864548,-0.05253441259264946
2025-05-17T21:05:18.194477,0.789237916469574,0.004886921960860491,-0.304210901260376
2025-05-17T21:05:18.194772,0.10751228034496307,-0.025656340643763542,-0.1514945775270462
2025-05-17T21:05:18.195,-0.28955012559890747,0.25534167885780334,-0.14538592100143433
2025-05-17T21:05:18.195312,1.2095131874084473,1.4220943450927734,-0.7452555894851685
2025-05-17T21:05:18.195535,-2.233323335647583,1.9608774185180664,-1.892460584640503
2025-05-17T21:05:18.195866,-0.4129449129104614,0.7232644557952881,-2.37626576423645
2025-05-17T21:05:18.196231,-0.5448917746543884,-0.16004669666290283,-0.750142514705658
2025-05-17T21:05:18.196497,-0.7745771408081055,-0.2528982162475586,0.3188716471195221
2025-05-17T21:05:18.196742,4.010941028594971,-0.6536257863044739,-0.6328563690185547
2025-05-17T21:05:18.196996,-0.31642818450927734,-0.07330382615327835,0.9822713136672974
2025-05-17T21:05:18.197244,-0.9859365224838257,-1.4734070301055908,1.892460584640503
2025-05-17T21:05:18.197633,0.18814650177955627,-2.609616279602051,1.4428637027740479
2025-05-17T21:05:18.198225,-1.615127682685852,-1.36955988407135,0.6878342628479004
2025-05-17T21:05:18.198603,-2.0146336555480957,-0.0354301854968071,0.17959438264369965
2025-05-17T21:05:18.198834,-0.6255260109901428,0.009773843921720982,0.024434609338641167
2025-05-17T21:05:18.199241,0.5094616413116455,-0.018325956538319588,-0.15515977144241333
2025-05-17T21:05:18.199449,-0.1160643994808197,-0.11728613078594208,-0.12217304855585098
2025-05-17T21:05:18.199818,-0.16371189057826996,0.5241223573684692,0.24923302233219147
2025-05-17T21:05:18.200063,0.5534439086914062,0.375071257352829,-0.0403171069920063
2025-05-17T21:05:18.200412,0.07941248267889023,0.08918632566928864,-0.15882496535778046
2025-05-17T21:05:18.200792,0.1417207419872284,0.04886921867728233,-0.04153883829712868
2025-05-17T21:05:18.201159,0.17104226350784302,-0.07452555745840073,-0.2064724564552307
2025-05-17T21:05:18.201384,-0.036651913076639175,-0.2724458873271942,-0.021991148591041565
2025-05-17T21:05:18.201738,0.5632177591323853,-0.2675589919090271,0.06475171446800232
2025-05-17T21:05:18.201953,0.11239920556545258,-0.24190263450145721,-0.10506882518529892
2025-05-17T21:05:18.202149,0.045204028487205505,-0.24068090319633484,-0.06475171446800232
2025-05-17T21:05:18.202641,-0.021991148591041565,0.004886921960860491,0.009773843921720982
2025-05-17T21:05:18.203115,-0.2174680233001709,-0.13072516024112701,0.3323107063770294
2025-05-17T21:05:18.203430,-0.16249015927314758,-0.14416420459747314,0.40683624148368835
2025-05-17T21:05:18.203881,0.1014036312699318,-0.4544837474822998,0.6597344875335693
2025-05-17T21:05:18.204307,0.23090706765651703,-0.6230825781822205,0.8405506014823914
2025-05-17T21:05:18.204928,-0.3738495409488678,-0.43249258399009705,0.48380526900291443
2025-05-17T21:05:18.205243,-1.948660135269165,-0.3433062732219696,0.44226643443107605
2025-05-17T21:05:18.205500,0.3225368559360504,-0.02076941914856434,0.4300491213798523
